10 
1.000000 0.500000 0.333333 0.250000 0.200000 0.166667 0.142857 0.125000 0.111111 0.100000 0.500000 0.333333 0.250000 0.200000 0.166667 0.142857 0.125000 0.111111 0.100000 0.090909 0.333333 0.250000 0.200000 0.166667 0.142857 0.125000 0.111111 0.100000 0.090909 0.083333 0.250000 0.200000 0.166667 0.142857 0.125000 0.111111 0.100000 0.090909 0.083333 0.076923 0.200000 0.166667 0.142857 0.125000 0.111111 0.100000 0.090909 0.083333 0.076923 0.071429 0.166667 0.142857 0.125000 0.111111 0.100000 0.090909 0.083333 0.076923 0.071429 0.066667 0.142857 0.125000 0.111111 0.100000 0.090909 0.083333 0.076923 0.071429 0.066667 0.062500 0.125000 0.111111 0.100000 0.090909 0.083333 0.076923 0.071429 0.066667 0.062500 0.058824 0.111111 0.100000 0.090909 0.083333 0.076923 0.071429 0.066667 0.062500 0.058824 0.055556 0.100000 0.090909 0.083333 0.076923 0.071429 0.066667 0.062500 0.058824 0.055556 0.052632 
26791324129673.945000 
-0.553993 -0.943728 -0.059848 -0.574685 1.441855 0.235527 1.021377 -0.139831 -0.081551 1.258247 
-12700.241117 332591.521423 -2099706.618655 4957496.364568 -4430604.552727 1107942.291562 -1136624.265929 850177.386791 1929773.141843 -1499216.299299 
1.008772 0.504108 0.335273 0.250478 0.200356 0.168029 0.143536 0.125194 0.111671 0.100732 
0.501398 0.335229 0.251706 0.201512 0.167870 0.143536 0.125154 0.111520 0.100835 0.090941 
0.335543 0.251066 0.200209 0.168249 0.144173 0.125687 0.111495 0.100472 0.091250 0.084039 
0.251140 0.200544 0.168305 0.143282 0.125924 0.111741 0.100196 0.091601 0.084033 0.077229 
0.201780 0.166713 0.144278 0.125716 0.111167 0.100531 0.091085 0.084036 0.077405 0.071899 
0.168071 0.143033 0.125137 0.111937 0.100314 0.091764 0.083571 0.077182 0.071529 0.067156 
0.143868 0.125750 0.111941 0.100253 0.091040 0.083334 0.076970 0.072005 0.067235 0.062632 
0.125691 0.111127 0.100114 0.091322 0.083960 0.077451 0.071817 0.066716 0.062773 0.058943 
0.111434 0.100437 0.091120 0.083815 0.077333 0.071878 0.066774 0.062815 0.059390 0.055943 
0.100190 0.091214 0.083482 0.077688 0.071756 0.067332 0.062561 0.059192 0.055608 0.052862 
-70.519501 68.410590 1010.655133 -484.537005 -1218.224011 -2163.947310 2731.162408 1893.667471 -3988.281213 2408.179446 
-0.554842 -0.947556 -0.060157 -0.576506 1.449077 0.235993 1.029901 -0.139993 -0.082119 1.269883 
-12782.236549 334735.698007 -2113026.009048 4987441.367971 -4452786.735510 1106732.188529 -1140252.979433 855769.631173 1943045.760645 -1509754.387038 
