0.000000e+00
7.861652e-03
1.214529e+00
2.200879e+00
3.015039e+00
3.541003e+00
3.675610e+00
5.081311e+00
5.169899e+00
5.629326e+00
6.283185e+00
0.000000e+00 2.000000e+00
6.283185e-03 1.999961e+00
1.256637e-02 1.999842e+00
1.884956e-02 1.999645e+00
2.513274e-02 1.999369e+00
3.141593e-02 1.999014e+00
3.769911e-02 1.998580e+00
4.398230e-02 1.998067e+00
5.026548e-02 1.997475e+00
5.654867e-02 1.996805e+00
6.283185e-02 1.996055e+00
6.911504e-02 1.995227e+00
7.539822e-02 1.994320e+00
8.168141e-02 1.993335e+00
8.796459e-02 1.992270e+00
9.424778e-02 1.991128e+00
1.005310e-01 1.989906e+00
1.068142e-01 1.988606e+00
1.130973e-01 1.987228e+00
1.193805e-01 1.985771e+00
1.256637e-01 1.984235e+00
1.319469e-01 1.982622e+00
1.382301e-01 1.980930e+00
1.445133e-01 1.979160e+00
1.507964e-01 1.977311e+00
1.570796e-01 1.975385e+00
1.633628e-01 1.973381e+00
1.696460e-01 1.971299e+00
1.759292e-01 1.969139e+00
1.822124e-01 1.966901e+00
1.884956e-01 1.964585e+00
1.947787e-01 1.962192e+00
2.010619e-01 1.959722e+00
2.073451e-01 1.957174e+00
2.136283e-01 1.954549e+00
2.199115e-01 1.951847e+00
2.261947e-01 1.949067e+00
2.324779e-01 1.946211e+00
2.387610e-01 1.943278e+00
2.450442e-01 1.940268e+00
2.513274e-01 1.937182e+00
2.576106e-01 1.934019e+00
2.638938e-01 1.930779e+00
2.701770e-01 1.927464e+00
2.764602e-01 1.924072e+00
2.827433e-01 1.920605e+00
2.890265e-01 1.917061e+00
2.953097e-01 1.913442e+00
3.015929e-01 1.909747e+00
3.078761e-01 1.905977e+00
3.141593e-01 1.902132e+00
3.204425e-01 1.898212e+00
3.267256e-01 1.894216e+00
3.330088e-01 1.890146e+00
3.392920e-01 1.886001e+00
3.455752e-01 1.881782e+00
3.518584e-01 1.877488e+00
3.581416e-01 1.873120e+00
3.644247e-01 1.868679e+00
3.707079e-01 1.864163e+00
3.769911e-01 1.859574e+00
3.832743e-01 1.854912e+00
3.895575e-01 1.850176e+00
3.958407e-01 1.845367e+00
4.021239e-01 1.840485e+00
4.084070e-01 1.835531e+00
4.146902e-01 1.830504e+00
4.209734e-01 1.825405e+00
4.272566e-01 1.820234e+00
4.335398e-01 1.814991e+00
4.398230e-01 1.809676e+00
4.461062e-01 1.804290e+00
4.523893e-01 1.798833e+00
4.586725e-01 1.793304e+00
4.649557e-01 1.787705e+00
4.712389e-01 1.782035e+00
4.775221e-01 1.776295e+00
4.838053e-01 1.770485e+00
4.900885e-01 1.764605e+00
4.963716e-01 1.758655e+00
5.026548e-01 1.752635e+00
5.089380e-01 1.746547e+00
5.152212e-01 1.740389e+00
5.215044e-01 1.734163e+00
5.277876e-01 1.727868e+00
5.340708e-01 1.721506e+00
5.403539e-01 1.715075e+00
5.466371e-01 1.708576e+00
5.529203e-01 1.702010e+00
5.592035e-01 1.695377e+00
5.654867e-01 1.688677e+00
5.717699e-01 1.681910e+00
5.780530e-01 1.675077e+00
5.843362e-01 1.668177e+00
5.906194e-01 1.661212e+00
5.969026e-01 1.654181e+00
6.031858e-01 1.647085e+00
6.094690e-01 1.639924e+00
6.157522e-01 1.632698e+00
6.220353e-01 1.625407e+00
6.283185e-01 1.618053e+00
6.346017e-01 1.610634e+00
6.408849e-01 1.603152e+00
6.471681e-01 1.595607e+00
6.534513e-01 1.587999e+00
6.597345e-01 1.580328e+00
6.660176e-01 1.572594e+00
6.723008e-01 1.564799e+00
6.785840e-01 1.556942e+00
6.848672e-01 1.549023e+00
6.911504e-01 1.541043e+00
6.974336e-01 1.533002e+00
7.037168e-01 1.524901e+00
7.099999e-01 1.516740e+00
7.162831e-01 1.508518e+00
7.225663e-01 1.500237e+00
7.288495e-01 1.491897e+00
7.351327e-01 1.483498e+00
7.414159e-01 1.475041e+00
7.476991e-01 1.466525e+00
7.539822e-01 1.457951e+00
7.602654e-01 1.449320e+00
7.665486e-01 1.440631e+00
7.728318e-01 1.431886e+00
7.791150e-01 1.423084e+00
7.853982e-01 1.414226e+00
7.916813e-01 1.405312e+00
7.979645e-01 1.396343e+00
8.042477e-01 1.387318e+00
8.105309e-01 1.378239e+00
8.168141e-01 1.369105e+00
8.230973e-01 1.359918e+00
8.293805e-01 1.350676e+00
8.356636e-01 1.341382e+00
8.419468e-01 1.332034e+00
8.482300e-01 1.322634e+00
8.545132e-01 1.313181e+00
8.607964e-01 1.303677e+00
8.670796e-01 1.294121e+00
8.733628e-01 1.284514e+00
8.796459e-01 1.274857e+00
8.859291e-01 1.265149e+00
8.922123e-01 1.255391e+00
8.984955e-01 1.245583e+00
9.047787e-01 1.235727e+00
9.110619e-01 1.225822e+00
9.173451e-01 1.215868e+00
9.236282e-01 1.205866e+00
9.299114e-01 1.195817e+00
9.361946e-01 1.185720e+00
9.424778e-01 1.175577e+00
9.487610e-01 1.165387e+00
9.550442e-01 1.155151e+00
9.613274e-01 1.144870e+00
9.676105e-01 1.134543e+00
9.738937e-01 1.124172e+00
9.801769e-01 1.113756e+00
9.864601e-01 1.103297e+00
9.927433e-01 1.092793e+00
9.990265e-01 1.082247e+00
1.005310e+00 1.071658e+00
1.011593e+00 1.061026e+00
1.017876e+00 1.050353e+00
1.024159e+00 1.039638e+00
1.030442e+00 1.028883e+00
1.036726e+00 1.018086e+00
1.043009e+00 1.007250e+00
1.049292e+00 9.963733e-01
1.055575e+00 9.854576e-01
1.061858e+00 9.745030e-01
1.068142e+00 9.635100e-01
1.074425e+00 9.524789e-01
1.080708e+00 9.414102e-01
1.086991e+00 9.303043e-01
1.093274e+00 9.191617e-01
1.099557e+00 9.079829e-01
1.105841e+00 8.967682e-01
1.112124e+00 8.855181e-01
1.118407e+00 8.742330e-01
1.124690e+00 8.629135e-01
1.130973e+00 8.515598e-01
1.137257e+00 8.401726e-01
1.143540e+00 8.287522e-01
1.149823e+00 8.172991e-01
1.156106e+00 8.058137e-01
1.162389e+00 7.942965e-01
1.168672e+00 7.827480e-01
1.174956e+00 7.711685e-01
1.181239e+00 7.595586e-01
1.187522e+00 7.479188e-01
1.193805e+00 7.362494e-01
1.200088e+00 7.245509e-01
1.206372e+00 7.128239e-01
1.212655e+00 7.010687e-01
1.218938e+00 6.892858e-01
1.225221e+00 6.774757e-01
1.231504e+00 6.656389e-01
1.237788e+00 6.537758e-01
1.244071e+00 6.418869e-01
1.250354e+00 6.299727e-01
1.256637e+00 6.180336e-01
1.262920e+00 6.060701e-01
1.269203e+00 5.940826e-01
1.275487e+00 5.820717e-01
1.281770e+00 5.700379e-01
1.288053e+00 5.579815e-01
1.294336e+00 5.459032e-01
1.300619e+00 5.338032e-01
1.306903e+00 5.216822e-01
1.313186e+00 5.095406e-01
1.319469e+00 4.973789e-01
1.325752e+00 4.851976e-01
1.332035e+00 4.729971e-01
1.338318e+00 4.607779e-01
1.344602e+00 4.485406e-01
1.350885e+00 4.362855e-01
1.357168e+00 4.240132e-01
1.363451e+00 4.117242e-01
1.369734e+00 3.994189e-01
1.376018e+00 3.870979e-01
1.382301e+00 3.747616e-01
1.388584e+00 3.624105e-01
1.394867e+00 3.500450e-01
1.401150e+00 3.376658e-01
1.407434e+00 3.252732e-01
1.413717e+00 3.128678e-01
1.420000e+00 3.004501e-01
1.426283e+00 2.880205e-01
1.432566e+00 2.755795e-01
1.438849e+00 2.631276e-01
1.445133e+00 2.506654e-01
1.451416e+00 2.381932e-01
1.457699e+00 2.257117e-01
1.463982e+00 2.132212e-01
1.470265e+00 2.007224e-01
1.476549e+00 1.882156e-01
1.482832e+00 1.757013e-01
1.489115e+00 1.631802e-01
1.495398e+00 1.506526e-01
1.501681e+00 1.381190e-01
1.507964e+00 1.255800e-01
1.514248e+00 1.130361e-01
1.520531e+00 1.004877e-01
1.526814e+00 8.793528e-02
1.533097e+00 7.537942e-02
1.539380e+00 6.282059e-02
1.545664e+00 5.025928e-02
1.551947e+00 3.769599e-02
1.558230e+00 2.513121e-02
1.564513e+00 1.256543e-02
1.570796e+00 -8.358657e-07
1.577080e+00 -1.256710e-02
1.583363e+00 -2.513288e-02
1.589646e+00 -3.769766e-02
1.595929e+00 -5.026095e-02
1.602212e+00 -6.282226e-02
1.608495e+00 -7.538108e-02
1.614779e+00 -8.793693e-02
1.621062e+00 -1.004893e-01
1.627345e+00 -1.130377e-01
1.633628e+00 -1.255817e-01
1.639911e+00 -1.381207e-01
1.646195e+00 -1.506542e-01
1.652478e+00 -1.631818e-01
1.658761e+00 -1.757029e-01
1.665044e+00 -1.882172e-01
1.671327e+00 -2.007239e-01
1.677610e+00 -2.132228e-01
1.683894e+00 -2.257132e-01
1.690177e+00 -2.381948e-01
1.696460e+00 -2.506669e-01
1.702743e+00 -2.631291e-01
1.709026e+00 -2.755810e-01
1.715310e+00 -2.880219e-01
1.721593e+00 -3.004515e-01
1.727876e+00 -3.128693e-01
1.734159e+00 -3.252746e-01
1.740442e+00 -3.376672e-01
1.746726e+00 -3.500464e-01
1.753009e+00 -3.624118e-01
1.759292e+00 -3.747629e-01
1.765575e+00 -3.870992e-01
1.771858e+00 -3.994202e-01
1.778141e+00 -4.117254e-01
1.784425e+00 -4.240144e-01
1.790708e+00 -4.362866e-01
1.796991e+00 -4.485417e-01
1.803274e+00 -4.607790e-01
1.809557e+00 -4.729981e-01
1.815841e+00 -4.851986e-01
1.822124e+00 -4.973799e-01
1.828407e+00 -5.095415e-01
1.834690e+00 -5.216831e-01
1.840973e+00 -5.338040e-01
1.847256e+00 -5.459039e-01
1.853540e+00 -5.579822e-01
1.859823e+00 -5.700385e-01
1.866106e+00 -5.820723e-01
1.872389e+00 -5.940831e-01
1.878672e+00 -6.060705e-01
1.884956e+00 -6.180340e-01
1.891239e+00 -6.299730e-01
1.897522e+00 -6.418872e-01
1.903805e+00 -6.537760e-01
1.910088e+00 -6.656390e-01
1.916372e+00 -6.774758e-01
1.922655e+00 -6.892858e-01
1.928938e+00 -7.010686e-01
1.935221e+00 -7.128237e-01
1.941504e+00 -7.245506e-01
1.947787e+00 -7.362490e-01
1.954071e+00 -7.479183e-01
1.960354e+00 -7.595581e-01
1.966637e+00 -7.711679e-01
1.972920e+00 -7.827472e-01
1.979203e+00 -7.942957e-01
1.985487e+00 -8.058128e-01
1.991770e+00 -8.172980e-01
1.998053e+00 -8.287510e-01
2.004336e+00 -8.401713e-01
2.010619e+00 -8.515585e-01
2.016902e+00 -8.629120e-01
2.023186e+00 -8.742314e-01
2.029469e+00 -8.855163e-01
2.035752e+00 -8.967663e-01
2.042035e+00 -9.079809e-01
2.048318e+00 -9.191596e-01
2.054602e+00 -9.303020e-01
2.060885e+00 -9.414077e-01
2.067168e+00 -9.524763e-01
2.073451e+00 -9.635072e-01
2.079734e+00 -9.745001e-01
2.086018e+00 -9.854546e-01
2.092301e+00 -9.963701e-01
2.098584e+00 -1.007246e+00
2.104867e+00 -1.018083e+00
2.111150e+00 -1.028879e+00
2.117433e+00 -1.039635e+00
2.123717e+00 -1.050349e+00
2.130000e+00 -1.061022e+00
2.136283e+00 -1.071654e+00
2.142566e+00 -1.082242e+00
2.148849e+00 -1.092789e+00
2.155133e+00 -1.103292e+00
2.161416e+00 -1.113751e+00
2.167699e+00 -1.124167e+00
2.173982e+00 -1.134538e+00
2.180265e+00 -1.144864e+00
2.186548e+00 -1.155145e+00
2.192832e+00 -1.165381e+00
2.199115e+00 -1.175571e+00
2.205398e+00 -1.185714e+00
2.211681e+00 -1.195810e+00
2.217964e+00 -1.205859e+00
2.224248e+00 -1.215861e+00
2.230531e+00 -1.225814e+00
2.236814e+00 -1.235719e+00
2.243097e+00 -1.245576e+00
2.249380e+00 -1.255383e+00
2.255664e+00 -1.265140e+00
2.261947e+00 -1.274848e+00
2.268230e+00 -1.284505e+00
2.274513e+00 -1.294112e+00
2.280796e+00 -1.303668e+00
2.287079e+00 -1.313172e+00
2.293363e+00 -1.322624e+00
2.299646e+00 -1.332024e+00
2.305929e+00 -1.341371e+00
2.312212e+00 -1.350666e+00
2.318495e+00 -1.359907e+00
2.324779e+00 -1.369094e+00
2.331062e+00 -1.378228e+00
2.337345e+00 -1.387307e+00
2.343628e+00 -1.396331e+00
2.349911e+00 -1.405300e+00
2.356194e+00 -1.414214e+00
2.362478e+00 -1.423072e+00
2.368761e+00 -1.431873e+00
2.375044e+00 -1.440618e+00
2.381327e+00 -1.449306e+00
2.387610e+00 -1.457937e+00
2.393894e+00 -1.466511e+00
2.400177e+00 -1.475026e+00
2.406460e+00 -1.483484e+00
2.412743e+00 -1.491883e+00
2.419026e+00 -1.500222e+00
2.425310e+00 -1.508503e+00
2.431593e+00 -1.516724e+00
2.437876e+00 -1.524885e+00
2.444159e+00 -1.532986e+00
2.450442e+00 -1.541027e+00
2.456725e+00 -1.549006e+00
2.463009e+00 -1.556925e+00
2.469292e+00 -1.564782e+00
2.475575e+00 -1.572577e+00
2.481858e+00 -1.580310e+00
2.488141e+00 -1.587981e+00
2.494425e+00 -1.595589e+00
2.500708e+00 -1.603134e+00
2.506991e+00 -1.610616e+00
2.513274e+00 -1.618034e+00
2.519557e+00 -1.625389e+00
2.525840e+00 -1.632679e+00
2.532124e+00 -1.639905e+00
2.538407e+00 -1.647065e+00
2.544690e+00 -1.654161e+00
2.550973e+00 -1.661192e+00
2.557256e+00 -1.668157e+00
2.563540e+00 -1.675056e+00
2.569823e+00 -1.681889e+00
2.576106e+00 -1.688656e+00
2.582389e+00 -1.695356e+00
2.588672e+00 -1.701989e+00
2.594956e+00 -1.708555e+00
2.601239e+00 -1.715054e+00
2.607522e+00 -1.721484e+00
2.613805e+00 -1.727847e+00
2.620088e+00 -1.734142e+00
2.626371e+00 -1.740368e+00
2.632655e+00 -1.746525e+00
2.638938e+00 -1.752614e+00
2.645221e+00 -1.758633e+00
2.651504e+00 -1.764583e+00
2.657787e+00 -1.770463e+00
2.664071e+00 -1.776273e+00
2.670354e+00 -1.782013e+00
2.676637e+00 -1.787683e+00
2.682920e+00 -1.793282e+00
2.689203e+00 -1.798811e+00
2.695486e+00 -1.804268e+00
2.701770e+00 -1.809654e+00
2.708053e+00 -1.814969e+00
2.714336e+00 -1.820212e+00
2.720619e+00 -1.825383e+00
2.726902e+00 -1.830483e+00
2.733186e+00 -1.835509e+00
2.739469e+00 -1.840464e+00
2.745752e+00 -1.845346e+00
2.752035e+00 -1.850155e+00
2.758318e+00 -1.854891e+00
2.764602e+00 -1.859553e+00
2.770885e+00 -1.864142e+00
2.777168e+00 -1.868658e+00
2.783451e+00 -1.873100e+00
2.789734e+00 -1.877468e+00
2.796017e+00 -1.881762e+00
2.802301e+00 -1.885981e+00
2.808584e+00 -1.890126e+00
2.814867e+00 -1.894197e+00
2.821150e+00 -1.898192e+00
2.827433e+00 -1.902113e+00
2.833717e+00 -1.905959e+00
2.840000e+00 -1.909729e+00
2.846283e+00 -1.913424e+00
2.852566e+00 -1.917044e+00
2.858849e+00 -1.920588e+00
2.865133e+00 -1.924055e+00
2.871416e+00 -1.927447e+00
2.877699e+00 -1.930763e+00
2.883982e+00 -1.934003e+00
2.890265e+00 -1.937166e+00
2.896548e+00 -1.940253e+00
2.902832e+00 -1.943264e+00
2.909115e+00 -1.946197e+00
2.915398e+00 -1.949054e+00
2.921681e+00 -1.951834e+00
2.927964e+00 -1.954536e+00
2.934248e+00 -1.957162e+00
2.940531e+00 -1.959710e+00
2.946814e+00 -1.962181e+00
2.953097e+00 -1.964575e+00
2.959380e+00 -1.966890e+00
2.965663e+00 -1.969129e+00
2.971947e+00 -1.971289e+00
2.978230e+00 -1.973372e+00
2.984513e+00 -1.975377e+00
2.990796e+00 -1.977304e+00
2.997079e+00 -1.979152e+00
3.003363e+00 -1.980923e+00
3.009646e+00 -1.982615e+00
3.015929e+00 -1.984229e+00
3.022212e+00 -1.985765e+00
3.028495e+00 -1.987223e+00
3.034779e+00 -1.988602e+00
3.041062e+00 -1.989902e+00
3.047345e+00 -1.991124e+00
3.053628e+00 -1.992267e+00
3.059911e+00 -1.993332e+00
3.066194e+00 -1.994318e+00
3.072478e+00 -1.995225e+00
3.078761e+00 -1.996053e+00
3.085044e+00 -1.996803e+00
3.091327e+00 -1.997474e+00
3.097610e+00 -1.998066e+00
3.103894e+00 -1.998579e+00
3.110177e+00 -1.999013e+00
3.116460e+00 -1.999368e+00
3.122743e+00 -1.999645e+00
3.129026e+00 -1.999842e+00
3.135309e+00 -1.999960e+00
3.141593e+00 -2.000000e+00
3.147876e+00 -1.999960e+00
3.154159e+00 -1.999842e+00
3.160442e+00 -1.999645e+00
3.166725e+00 -1.999368e+00
3.173009e+00 -1.999013e+00
3.179292e+00 -1.998579e+00
3.185575e+00 -1.998066e+00
3.191858e+00 -1.997474e+00
3.198141e+00 -1.996803e+00
3.204425e+00 -1.996053e+00
3.210708e+00 -1.995225e+00
3.216991e+00 -1.994318e+00
3.223274e+00 -1.993332e+00
3.229557e+00 -1.992267e+00
3.235840e+00 -1.991124e+00
3.242124e+00 -1.989902e+00
3.248407e+00 -1.988601e+00
3.254690e+00 -1.987223e+00
3.260973e+00 -1.985765e+00
3.267256e+00 -1.984229e+00
3.273540e+00 -1.982615e+00
3.279823e+00 -1.980923e+00
3.286106e+00 -1.979152e+00
3.292389e+00 -1.977303e+00
3.298672e+00 -1.975377e+00
3.304955e+00 -1.973372e+00
3.311239e+00 -1.971289e+00
3.317522e+00 -1.969129e+00
3.323805e+00 -1.966890e+00
3.330088e+00 -1.964574e+00
3.336371e+00 -1.962181e+00
3.342655e+00 -1.959710e+00
3.348938e+00 -1.957162e+00
3.355221e+00 -1.954536e+00
3.361504e+00 -1.951833e+00
3.367787e+00 -1.949054e+00
3.374071e+00 -1.946197e+00
3.380354e+00 -1.943263e+00
3.386637e+00 -1.940253e+00
3.392920e+00 -1.937166e+00
3.399203e+00 -1.934003e+00
3.405486e+00 -1.930763e+00
3.411770e+00 -1.927447e+00
3.418053e+00 -1.924055e+00
3.424336e+00 -1.920587e+00
3.430619e+00 -1.917044e+00
3.436902e+00 -1.913424e+00
3.443186e+00 -1.909729e+00
3.449469e+00 -1.905959e+00
3.455752e+00 -1.902113e+00
3.462035e+00 -1.898192e+00
3.468318e+00 -1.894197e+00
3.474601e+00 -1.890126e+00
3.480885e+00 -1.885981e+00
3.487168e+00 -1.881762e+00
3.493451e+00 -1.877468e+00
3.499734e+00 -1.873100e+00
3.506017e+00 -1.868658e+00
3.512301e+00 -1.864142e+00
3.518584e+00 -1.859553e+00
3.524867e+00 -1.854890e+00
3.531150e+00 -1.850154e+00
3.537433e+00 -1.845345e+00
3.543717e+00 -1.840464e+00
3.550000e+00 -1.835509e+00
3.556283e+00 -1.830482e+00
3.562566e+00 -1.825383e+00
3.568849e+00 -1.820212e+00
3.575132e+00 -1.814969e+00
3.581416e+00 -1.809654e+00
3.587699e+00 -1.804268e+00
3.593982e+00 -1.798811e+00
3.600265e+00 -1.793282e+00
3.606548e+00 -1.787683e+00
3.612832e+00 -1.782013e+00
3.619115e+00 -1.776273e+00
3.625398e+00 -1.770463e+00
3.631681e+00 -1.764582e+00
3.637964e+00 -1.758633e+00
3.644247e+00 -1.752613e+00
3.650531e+00 -1.746525e+00
3.656814e+00 -1.740368e+00
3.663097e+00 -1.734141e+00
3.669380e+00 -1.727847e+00
3.675663e+00 -1.721484e+00
3.681947e+00 -1.715053e+00
3.688230e+00 -1.708555e+00
3.694513e+00 -1.701989e+00
3.700796e+00 -1.695356e+00
3.707079e+00 -1.688656e+00
3.713363e+00 -1.681889e+00
3.719646e+00 -1.675056e+00
3.725929e+00 -1.668157e+00
3.732212e+00 -1.661192e+00
3.738495e+00 -1.654161e+00
3.744778e+00 -1.647065e+00
3.751062e+00 -1.639904e+00
3.757345e+00 -1.632678e+00
3.763628e+00 -1.625388e+00
3.769911e+00 -1.618034e+00
3.776194e+00 -1.610616e+00
3.782478e+00 -1.603134e+00
3.788761e+00 -1.595589e+00
3.795044e+00 -1.587981e+00
3.801327e+00 -1.580310e+00
3.807610e+00 -1.572577e+00
3.813893e+00 -1.564782e+00
3.820177e+00 -1.556924e+00
3.826460e+00 -1.549006e+00
3.832743e+00 -1.541026e+00
3.839026e+00 -1.532986e+00
3.845309e+00 -1.524885e+00
3.851593e+00 -1.516724e+00
3.857876e+00 -1.508503e+00
3.864159e+00 -1.500222e+00
3.870442e+00 -1.491882e+00
3.876725e+00 -1.483483e+00
3.883009e+00 -1.475026e+00
3.889292e+00 -1.466510e+00
3.895575e+00 -1.457937e+00
3.901858e+00 -1.449306e+00
3.908141e+00 -1.440618e+00
3.914424e+00 -1.431873e+00
3.920708e+00 -1.423071e+00
3.926991e+00 -1.414213e+00
3.933274e+00 -1.405300e+00
3.939557e+00 -1.396331e+00
3.945840e+00 -1.387306e+00
3.952124e+00 -1.378227e+00
3.958407e+00 -1.369094e+00
3.964690e+00 -1.359906e+00
3.970973e+00 -1.350665e+00
3.977256e+00 -1.341371e+00
3.983539e+00 -1.332023e+00
3.989823e+00 -1.322623e+00
3.996106e+00 -1.313171e+00
4.002389e+00 -1.303667e+00
4.008672e+00 -1.294111e+00
4.014955e+00 -1.284505e+00
4.021239e+00 -1.274848e+00
4.027522e+00 -1.265140e+00
4.033805e+00 -1.255382e+00
4.040088e+00 -1.245575e+00
4.046371e+00 -1.235719e+00
4.052655e+00 -1.225814e+00
4.058938e+00 -1.215860e+00
4.065221e+00 -1.205859e+00
4.071504e+00 -1.195809e+00
4.077787e+00 -1.185713e+00
4.084070e+00 -1.175570e+00
4.090354e+00 -1.165380e+00
4.096637e+00 -1.155145e+00
4.102920e+00 -1.144864e+00
4.109203e+00 -1.134537e+00
4.115486e+00 -1.124166e+00
4.121770e+00 -1.113751e+00
4.128053e+00 -1.103291e+00
4.134336e+00 -1.092788e+00
4.140619e+00 -1.082242e+00
4.146902e+00 -1.071653e+00
4.153185e+00 -1.061022e+00
4.159469e+00 -1.050348e+00
4.165752e+00 -1.039634e+00
4.172035e+00 -1.028878e+00
4.178318e+00 -1.018082e+00
4.184601e+00 -1.007246e+00
4.190885e+00 -9.963693e-01
4.197168e+00 -9.854538e-01
4.203451e+00 -9.744993e-01
4.209734e+00 -9.635064e-01
4.216017e+00 -9.524754e-01
4.222301e+00 -9.414069e-01
4.228584e+00 -9.303012e-01
4.234867e+00 -9.191587e-01
4.241150e+00 -9.079800e-01
4.247433e+00 -8.967654e-01
4.253716e+00 -8.855154e-01
4.260000e+00 -8.742305e-01
4.266283e+00 -8.629110e-01
4.272566e+00 -8.515575e-01
4.278849e+00 -8.401704e-01
4.285132e+00 -8.287500e-01
4.291416e+00 -8.172970e-01
4.297699e+00 -8.058117e-01
4.303982e+00 -7.942946e-01
4.310265e+00 -7.827462e-01
4.316548e+00 -7.711668e-01
4.322831e+00 -7.595570e-01
4.329115e+00 -7.479172e-01
4.335398e+00 -7.362479e-01
4.341681e+00 -7.245495e-01
4.347964e+00 -7.128225e-01
4.354247e+00 -7.010674e-01
4.360531e+00 -6.892846e-01
4.366814e+00 -6.774746e-01
4.373097e+00 -6.656378e-01
4.379380e+00 -6.537748e-01
4.385663e+00 -6.418859e-01
4.391947e+00 -6.299718e-01
4.398230e+00 -6.180327e-01
4.404513e+00 -6.060692e-01
4.410796e+00 -5.940819e-01
4.417079e+00 -5.820710e-01
4.423362e+00 -5.700372e-01
4.429646e+00 -5.579809e-01
4.435929e+00 -5.459025e-01
4.442212e+00 -5.338027e-01
4.448495e+00 -5.216817e-01
4.454778e+00 -5.095401e-01
4.461062e+00 -4.973784e-01
4.467345e+00 -4.851971e-01
4.473628e+00 -4.729967e-01
4.479911e+00 -4.607775e-01
4.486194e+00 -4.485402e-01
4.492477e+00 -4.362851e-01
4.498761e+00 -4.240129e-01
4.505044e+00 -4.117239e-01
4.511327e+00 -3.994186e-01
4.517610e+00 -3.870976e-01
4.523893e+00 -3.747613e-01
4.530177e+00 -3.624102e-01
4.536460e+00 -3.500448e-01
4.542743e+00 -3.376656e-01
4.549026e+00 -3.252730e-01
4.555309e+00 -3.128676e-01
4.561593e+00 -3.004499e-01
4.567876e+00 -2.880203e-01
4.574159e+00 -2.755793e-01
4.580442e+00 -2.631274e-01
4.586725e+00 -2.506652e-01
4.593008e+00 -2.381931e-01
4.599292e+00 -2.257115e-01
4.605575e+00 -2.132211e-01
4.611858e+00 -2.007222e-01
4.618141e+00 -1.882154e-01
4.624424e+00 -1.757012e-01
4.630708e+00 -1.631800e-01
4.636991e+00 -1.506524e-01
4.643274e+00 -1.381189e-01
4.649557e+00 -1.255799e-01
4.655840e+00 -1.130359e-01
4.662123e+00 -1.004875e-01
4.668407e+00 -8.793513e-02
4.674690e+00 -7.537927e-02
4.680973e+00 -6.282044e-02
4.687256e+00 -5.025913e-02
4.693539e+00 -3.769583e-02
4.699823e+00 -2.513105e-02
4.706106e+00 -1.256527e-02
4.712389e+00 9.970684e-07
4.718672e+00 1.256727e-02
4.724955e+00 2.513304e-02
4.731239e+00 3.769782e-02
4.737522e+00 5.026112e-02
4.743805e+00 6.282242e-02
4.750088e+00 7.538125e-02
4.756371e+00 8.793710e-02
4.762654e+00 1.004895e-01
4.768938e+00 1.130379e-01
4.775221e+00 1.255818e-01
4.781504e+00 1.381208e-01
4.787787e+00 1.506544e-01
4.794070e+00 1.631820e-01
4.800354e+00 1.757031e-01
4.806637e+00 1.882173e-01
4.812920e+00 2.007241e-01
4.819203e+00 2.132230e-01
4.825486e+00 2.257134e-01
4.831770e+00 2.381949e-01
4.838053e+00 2.506671e-01
4.844336e+00 2.631293e-01
4.850619e+00 2.755811e-01
4.856902e+00 2.880221e-01
4.863185e+00 3.004517e-01
4.869469e+00 3.128694e-01
4.875752e+00 3.252748e-01
4.882035e+00 3.376673e-01
4.888318e+00 3.500466e-01
4.894601e+00 3.624119e-01
4.900885e+00 3.747630e-01
4.907168e+00 3.870993e-01
4.913451e+00 3.994203e-01
4.919734e+00 4.117256e-01
4.926017e+00 4.240145e-01
4.932300e+00 4.362868e-01
4.938584e+00 4.485418e-01
4.944867e+00 4.607791e-01
4.951150e+00 4.729982e-01
4.957433e+00 4.851987e-01
4.963716e+00 4.973800e-01
4.970000e+00 5.095416e-01
4.976283e+00 5.216832e-01
4.982566e+00 5.338041e-01
4.988849e+00 5.459040e-01
4.995132e+00 5.579823e-01
5.001416e+00 5.700386e-01
5.007699e+00 5.820724e-01
5.013982e+00 5.940833e-01
5.020265e+00 6.060706e-01
5.026548e+00 6.180341e-01
5.032831e+00 6.299731e-01
5.039115e+00 6.418873e-01
5.045398e+00 6.537761e-01
5.051681e+00 6.656391e-01
5.057964e+00 6.774759e-01
5.064247e+00 6.892859e-01
5.070531e+00 7.010687e-01
5.076814e+00 7.128238e-01
5.083097e+00 7.245507e-01
5.089380e+00 7.362491e-01
5.095663e+00 7.479184e-01
5.101946e+00 7.595582e-01
5.108230e+00 7.711680e-01
5.114513e+00 7.827473e-01
5.120796e+00 7.942958e-01
5.127079e+00 8.058129e-01
5.133362e+00 8.172981e-01
5.139646e+00 8.287511e-01
5.145929e+00 8.401714e-01
5.152212e+00 8.515586e-01
5.158495e+00 8.629121e-01
5.164778e+00 8.742315e-01
5.171062e+00 8.855165e-01
5.177345e+00 8.967664e-01
5.183628e+00 9.079810e-01
5.189911e+00 9.191597e-01
5.196194e+00 9.303022e-01
5.202477e+00 9.414079e-01
5.208761e+00 9.524765e-01
5.215044e+00 9.635074e-01
5.221327e+00 9.745003e-01
5.227610e+00 9.854548e-01
5.233893e+00 9.963703e-01
5.240177e+00 1.007247e+00
5.246460e+00 1.018083e+00
5.252743e+00 1.028879e+00
5.259026e+00 1.039635e+00
5.265309e+00 1.050349e+00
5.271592e+00 1.061023e+00
5.277876e+00 1.071654e+00
5.284159e+00 1.082243e+00
5.290442e+00 1.092789e+00
5.296725e+00 1.103292e+00
5.303008e+00 1.113752e+00
5.309292e+00 1.124167e+00
5.315575e+00 1.134538e+00
5.321858e+00 1.144865e+00
5.328141e+00 1.155146e+00
5.334424e+00 1.165381e+00
5.340708e+00 1.175571e+00
5.346991e+00 1.185714e+00
5.353274e+00 1.195810e+00
5.359557e+00 1.205860e+00
5.365840e+00 1.215861e+00
5.372123e+00 1.225815e+00
5.378407e+00 1.235720e+00
5.384690e+00 1.245576e+00
5.390973e+00 1.255383e+00
5.397256e+00 1.265141e+00
5.403539e+00 1.274849e+00
5.409823e+00 1.284506e+00
5.416106e+00 1.294113e+00
5.422389e+00 1.303668e+00
5.428672e+00 1.313172e+00
5.434955e+00 1.322624e+00
5.441238e+00 1.332024e+00
5.447522e+00 1.341372e+00
5.453805e+00 1.350666e+00
5.460088e+00 1.359907e+00
5.466371e+00 1.369095e+00
5.472654e+00 1.378228e+00
5.478938e+00 1.387307e+00
5.485221e+00 1.396332e+00
5.491504e+00 1.405301e+00
5.497787e+00 1.414214e+00
5.504070e+00 1.423072e+00
5.510354e+00 1.431874e+00
5.516637e+00 1.440619e+00
5.522920e+00 1.449307e+00
5.529203e+00 1.457938e+00
5.535486e+00 1.466511e+00
5.541769e+00 1.475027e+00
5.548053e+00 1.483484e+00
5.554336e+00 1.491883e+00
5.560619e+00 1.500223e+00
5.566902e+00 1.508503e+00
5.573185e+00 1.516724e+00
5.579469e+00 1.524885e+00
5.585752e+00 1.532986e+00
5.592035e+00 1.541027e+00
5.598318e+00 1.549006e+00
5.604601e+00 1.556925e+00
5.610884e+00 1.564782e+00
5.617168e+00 1.572577e+00
5.623451e+00 1.580310e+00
5.629734e+00 1.587981e+00
5.636017e+00 1.595589e+00
5.642300e+00 1.603134e+00
5.648584e+00 1.610616e+00
5.654867e+00 1.618034e+00
5.661150e+00 1.625388e+00
5.667433e+00 1.632678e+00
5.673716e+00 1.639904e+00
5.680000e+00 1.647064e+00
5.686283e+00 1.654160e+00
5.692566e+00 1.661191e+00
5.698849e+00 1.668156e+00
5.705132e+00 1.675055e+00
5.711415e+00 1.681888e+00
5.717699e+00 1.688654e+00
5.723982e+00 1.695354e+00
5.730265e+00 1.701987e+00
5.736548e+00 1.708553e+00
5.742831e+00 1.715051e+00
5.749115e+00 1.721482e+00
5.755398e+00 1.727844e+00
5.761681e+00 1.734139e+00
5.767964e+00 1.740365e+00
5.774247e+00 1.746522e+00
5.780530e+00 1.752610e+00
5.786814e+00 1.758629e+00
5.793097e+00 1.764579e+00
5.799380e+00 1.770459e+00
5.805663e+00 1.776269e+00
5.811946e+00 1.782009e+00
5.818230e+00 1.787678e+00
5.824513e+00 1.793277e+00
5.830796e+00 1.798806e+00
5.837079e+00 1.804263e+00
5.843362e+00 1.809649e+00
5.849646e+00 1.814963e+00
5.855929e+00 1.820206e+00
5.862212e+00 1.825377e+00
5.868495e+00 1.830476e+00
5.874778e+00 1.835502e+00
5.881061e+00 1.840457e+00
5.887345e+00 1.845338e+00
5.893628e+00 1.850147e+00
5.899911e+00 1.854882e+00
5.906194e+00 1.859545e+00
5.912477e+00 1.864134e+00
5.918761e+00 1.868649e+00
5.925044e+00 1.873091e+00
5.931327e+00 1.877458e+00
5.937610e+00 1.881752e+00
5.943893e+00 1.885971e+00
5.950176e+00 1.890116e+00
5.956460e+00 1.894186e+00
5.962743e+00 1.898181e+00
5.969026e+00 1.902102e+00
5.975309e+00 1.905947e+00
5.981592e+00 1.909717e+00
5.987876e+00 1.913412e+00
5.994159e+00 1.917031e+00
6.000442e+00 1.920575e+00
6.006725e+00 1.924042e+00
6.013008e+00 1.927434e+00
6.019292e+00 1.930750e+00
6.025575e+00 1.933989e+00
6.031858e+00 1.937152e+00
6.038141e+00 1.940239e+00
6.044424e+00 1.943249e+00
6.050707e+00 1.946182e+00
6.056991e+00 1.949039e+00
6.063274e+00 1.951818e+00
6.069557e+00 1.954521e+00
6.075840e+00 1.957146e+00
6.082123e+00 1.959694e+00
6.088407e+00 1.962165e+00
6.094690e+00 1.964558e+00
6.100973e+00 1.966874e+00
6.107256e+00 1.969112e+00
6.113539e+00 1.971273e+00
6.119822e+00 1.973356e+00
6.126106e+00 1.975360e+00
6.132389e+00 1.977287e+00
6.138672e+00 1.979136e+00
6.144955e+00 1.980907e+00
6.151238e+00 1.982599e+00
6.157522e+00 1.984214e+00
6.163805e+00 1.985750e+00
6.170088e+00 1.987207e+00
6.176371e+00 1.988587e+00
6.182654e+00 1.989887e+00
6.188938e+00 1.991110e+00
6.195221e+00 1.992253e+00
6.201504e+00 1.993319e+00
6.207787e+00 1.994305e+00
6.214070e+00 1.995213e+00
6.220353e+00 1.996042e+00
6.226637e+00 1.996793e+00
6.232920e+00 1.997464e+00
6.239203e+00 1.998057e+00
6.245486e+00 1.998571e+00
6.251769e+00 1.999006e+00
6.258053e+00 1.999363e+00
6.264336e+00 1.999640e+00
6.270619e+00 1.999839e+00
6.276902e+00 1.999959e+00
6.283185e+00 2.000000e+00
2.203339e-05