0.000000e+00 2.000000e+00
6.283185e-03 9.152738e-01
1.256637e-02 -1.111605e-01
1.884956e-02 -1.081266e+00
2.513274e-02 -1.996959e+00
3.141593e-02 -2.860106e+00
3.769911e-02 -3.672529e+00
4.398230e-02 -4.436002e+00
5.026548e-02 -5.152256e+00
5.654867e-02 -5.822977e+00
6.283185e-02 -6.449809e+00
6.911504e-02 -7.034352e+00
7.539822e-02 -7.578166e+00
8.168141e-02 -8.082769e+00
8.796459e-02 -8.549640e+00
9.424778e-02 -8.980219e+00
1.005310e-01 -9.375908e+00
1.068142e-01 -9.738069e+00
1.130973e-01 -1.006803e+01
1.193805e-01 -1.036708e+01
1.256637e-01 -1.063648e+01
1.319469e-01 -1.087744e+01
1.382301e-01 -1.109116e+01
1.445133e-01 -1.127879e+01
1.507964e-01 -1.144144e+01
1.570796e-01 -1.158021e+01
1.633628e-01 -1.169616e+01
1.696460e-01 -1.179031e+01
1.759292e-01 -1.186366e+01
1.822124e-01 -1.191718e+01
1.884956e-01 -1.195181e+01
1.947787e-01 -1.196845e+01
2.010619e-01 -1.196801e+01
2.073451e-01 -1.195132e+01
2.136283e-01 -1.191923e+01
2.199115e-01 -1.187253e+01
2.261947e-01 -1.181201e+01
2.324779e-01 -1.173843e+01
2.387610e-01 -1.165250e+01
2.450442e-01 -1.155496e+01
2.513274e-01 -1.144647e+01
2.576106e-01 -1.132770e+01
2.638938e-01 -1.119929e+01
2.701770e-01 -1.106187e+01
2.764602e-01 -1.091602e+01
2.827433e-01 -1.076233e+01
2.890265e-01 -1.060136e+01
2.953097e-01 -1.043364e+01
3.015929e-01 -1.025970e+01
3.078761e-01 -1.008003e+01
3.141593e-01 -9.895114e+00
3.204425e-01 -9.705424e+00
3.267256e-01 -9.511406e+00
3.330088e-01 -9.313489e+00
3.392920e-01 -9.112089e+00
3.455752e-01 -8.907605e+00
3.518584e-01 -8.700419e+00
3.581416e-01 -8.490899e+00
3.644247e-01 -8.279399e+00
3.707079e-01 -8.066258e+00
3.769911e-01 -7.851799e+00
3.832743e-01 -7.636334e+00
3.895575e-01 -7.420160e+00
3.958407e-01 -7.203563e+00
4.021239e-01 -6.986813e+00
4.084070e-01 -6.770170e+00
4.146902e-01 -6.553883e+00
4.209734e-01 -6.338187e+00
4.272566e-01 -6.123307e+00
4.335398e-01 -5.909457e+00
4.398230e-01 -5.696839e+00
4.461062e-01 -5.485647e+00
4.523893e-01 -5.276063e+00
4.586725e-01 -5.068259e+00
4.649557e-01 -4.862400e+00
4.712389e-01 -4.658639e+00
4.775221e-01 -4.457121e+00
4.838053e-01 -4.257982e+00
4.900885e-01 -4.061351e+00
4.963716e-01 -3.867347e+00
5.026548e-01 -3.676083e+00
5.089380e-01 -3.487662e+00
5.152212e-01 -3.302181e+00
5.215044e-01 -3.119730e+00
5.277876e-01 -2.940391e+00
5.340708e-01 -2.764241e+00
5.403539e-01 -2.591348e+00
5.466371e-01 -2.421777e+00
5.529203e-01 -2.255583e+00
5.592035e-01 -2.092819e+00
5.654867e-01 -1.933530e+00
5.717699e-01 -1.777756e+00
5.780530e-01 -1.625531e+00
5.843362e-01 -1.476886e+00
5.906194e-01 -1.331846e+00
5.969026e-01 -1.190430e+00
6.031858e-01 -1.052655e+00
6.094690e-01 -9.185308e-01
6.157522e-01 -7.880659e-01
6.220353e-01 -6.612629e-01
6.283185e-01 -5.381213e-01
6.346017e-01 -4.186365e-01
6.408849e-01 -3.028006e-01
6.471681e-01 -1.906024e-01
6.534513e-01 -8.202727e-02
6.597345e-01 2.294241e-02
6.660176e-01 1.243272e-01
6.723008e-01 2.221506e-01
6.785840e-01 3.164386e-01
6.848672e-01 4.072199e-01
6.911504e-01 4.945255e-01
6.974336e-01 5.783887e-01
7.037168e-01 6.588452e-01
7.099999e-01 7.359325e-01
7.162831e-01 8.096902e-01
7.225663e-01 8.801597e-01
7.288495e-01 9.473840e-01
7.351327e-01 1.011408e+00
7.414159e-01 1.072278e+00
7.476991e-01 1.130041e+00
7.539822e-01 1.184747e+00
7.602654e-01 1.236446e+00
7.665486e-01 1.285189e+00
7.728318e-01 1.331029e+00
7.791150e-01 1.374019e+00
7.853982e-01 1.414214e+00
7.916813e-01 1.451667e+00
7.979645e-01 1.486437e+00
8.042477e-01 1.518578e+00
8.105309e-01 1.548148e+00
8.168141e-01 1.575205e+00
8.230973e-01 1.599806e+00
8.293805e-01 1.622009e+00
8.356636e-01 1.641875e+00
8.419468e-01 1.659461e+00
8.482300e-01 1.674826e+00
8.545132e-01 1.688031e+00
8.607964e-01 1.699133e+00
8.670796e-01 1.708193e+00
8.733628e-01 1.715270e+00
8.796459e-01 1.720423e+00
8.859291e-01 1.723710e+00
8.922123e-01 1.725192e+00
8.984955e-01 1.724926e+00
9.047787e-01 1.722971e+00
9.110619e-01 1.719386e+00
9.173451e-01 1.714227e+00
9.236282e-01 1.707552e+00
9.299114e-01 1.699419e+00
9.361946e-01 1.689883e+00
9.424778e-01 1.679000e+00
9.487610e-01 1.666827e+00
9.550442e-01 1.653418e+00
9.613274e-01 1.638827e+00
9.676105e-01 1.623108e+00
9.738937e-01 1.606314e+00
9.801769e-01 1.588497e+00
9.864601e-01 1.569711e+00
9.927433e-01 1.550004e+00
9.990265e-01 1.529428e+00
1.005310e+00 1.508033e+00
1.011593e+00 1.485867e+00
1.017876e+00 1.462978e+00
1.024159e+00 1.439413e+00
1.030442e+00 1.415220e+00
1.036726e+00 1.390443e+00
1.043009e+00 1.365128e+00
1.049292e+00 1.339319e+00
1.055575e+00 1.313057e+00
1.061858e+00 1.286387e+00
1.068142e+00 1.259349e+00
1.074425e+00 1.231984e+00
1.080708e+00 1.204331e+00
1.086991e+00 1.176429e+00
1.093274e+00 1.148316e+00
1.099557e+00 1.120028e+00
1.105841e+00 1.091603e+00
1.112124e+00 1.063074e+00
1.118407e+00 1.034477e+00
1.124690e+00 1.005844e+00
1.130973e+00 9.772085e-01
1.137257e+00 9.486008e-01
1.143540e+00 9.200521e-01
1.149823e+00 8.915920e-01
1.156106e+00 8.632491e-01
1.162389e+00 8.350514e-01
1.168672e+00 8.070258e-01
1.174956e+00 7.791984e-01
1.181239e+00 7.515943e-01
1.187522e+00 7.242378e-01
1.193805e+00 6.971523e-01
1.200088e+00 6.703604e-01
1.206372e+00 6.438836e-01
1.212655e+00 6.177429e-01
1.218938e+00 5.919580e-01
1.225221e+00 5.665483e-01
1.231504e+00 5.415318e-01
1.237788e+00 5.169261e-01
1.244071e+00 4.927477e-01
1.250354e+00 4.690125e-01
1.256637e+00 4.457354e-01
1.262920e+00 4.229307e-01
1.269203e+00 4.006118e-01
1.275487e+00 3.787914e-01
1.281770e+00 3.574813e-01
1.288053e+00 3.366928e-01
1.294336e+00 3.164362e-01
1.300619e+00 2.967213e-01
1.306903e+00 2.775570e-01
1.313186e+00 2.589516e-01
1.319469e+00 2.409126e-01
1.325752e+00 2.234471e-01
1.332035e+00 2.065612e-01
1.338318e+00 1.902606e-01
1.344602e+00 1.745502e-01
1.350885e+00 1.594343e-01
1.357168e+00 1.449166e-01
1.363451e+00 1.310003e-01
1.369734e+00 1.176879e-01
1.376018e+00 1.049813e-01
1.382301e+00 9.288201e-02
1.388584e+00 8.139077e-02
1.394867e+00 7.050793e-02
1.401150e+00 6.023328e-02
1.407434e+00 5.056611e-02
1.413717e+00 4.150521e-02
1.420000e+00 3.304890e-02
1.426283e+00 2.519503e-02
1.432566e+00 1.794100e-02
1.438849e+00 1.128375e-02
1.445133e+00 5.219823e-03
1.451416e+00 -2.546594e-04
1.457699e+00 -5.143977e-03
1.463982e+00 -9.452793e-03
1.470265e+00 -1.318614e-02
1.476549e+00 -1.634941e-02
1.482832e+00 -1.894834e-02
1.489115e+00 -2.098900e-02
1.495398e+00 -2.247778e-02
1.501681e+00 -2.342137e-02
1.507964e+00 -2.382675e-02
1.514248e+00 -2.370120e-02
1.520531e+00 -2.305223e-02
1.526814e+00 -2.188765e-02
1.533097e+00 -2.021548e-02
1.539380e+00 -1.804397e-02
1.545664e+00 -1.538160e-02
1.551947e+00 -1.223706e-02
1.558230e+00 -8.619211e-03
1.564513e+00 -4.537117e-03
1.570796e+00 1.224647e-16
1.577080e+00 4.982757e-03
1.583363e+00 1.040162e-02
1.589646e+00 1.624694e-02
1.595929e+00 2.250891e-02
1.602212e+00 2.917763e-02
1.608495e+00 3.624310e-02
1.614779e+00 4.369523e-02
1.621062e+00 5.152383e-02
1.627345e+00 5.971866e-02
1.633628e+00 6.826940e-02
1.639911e+00 7.716570e-02
1.646195e+00 8.639714e-02
1.652478e+00 9.595330e-02
1.658761e+00 1.058237e-01
1.665044e+00 1.159979e-01
1.671327e+00 1.264654e-01
1.677610e+00 1.372158e-01
1.683894e+00 1.482386e-01
1.690177e+00 1.595232e-01
1.696460e+00 1.710595e-01
1.702743e+00 1.828369e-01
1.709026e+00 1.948451e-01
1.715310e+00 2.070740e-01
1.721593e+00 2.195131e-01
1.727876e+00 2.321526e-01
1.734159e+00 2.449821e-01
1.740442e+00 2.579919e-01
1.746726e+00 2.711719e-01
1.753009e+00 2.845123e-01
1.759292e+00 2.980035e-01
1.765575e+00 3.116359e-01
1.771858e+00 3.254000e-01
1.778141e+00 3.392864e-01
1.784425e+00 3.532858e-01
1.790708e+00 3.673892e-01
1.796991e+00 3.815875e-01
1.803274e+00 3.958720e-01
1.809557e+00 4.102339e-01
1.815841e+00 4.246646e-01
1.822124e+00 4.391558e-01
1.828407e+00 4.536993e-01
1.834690e+00 4.682868e-01
1.840973e+00 4.829105e-01
1.847256e+00 4.975627e-01
1.853540e+00 5.122357e-01
1.859823e+00 5.269222e-01
1.866106e+00 5.416148e-01
1.872389e+00 5.563065e-01
1.878672e+00 5.709905e-01
1.884956e+00 5.856599e-01
1.891239e+00 6.003084e-01
1.897522e+00 6.149295e-01
1.903805e+00 6.295171e-01
1.910088e+00 6.440652e-01
1.916372e+00 6.585681e-01
1.922655e+00 6.730203e-01
1.928938e+00 6.874162e-01
1.935221e+00 7.017507e-01
1.941504e+00 7.160188e-01
1.947787e+00 7.302158e-01
1.954071e+00 7.443369e-01
1.960354e+00 7.583778e-01
1.966637e+00 7.723343e-01
1.972920e+00 7.862023e-01
1.979203e+00 7.999780e-01
1.985487e+00 8.136577e-01
1.991770e+00 8.272380e-01
1.998053e+00 8.407157e-01
2.004336e+00 8.540876e-01
2.010619e+00 8.673509e-01
2.016902e+00 8.805030e-01
2.023186e+00 8.935412e-01
2.029469e+00 9.064633e-01
2.035752e+00 9.192672e-01
2.042035e+00 9.319509e-01
2.048318e+00 9.445126e-01
2.054602e+00 9.569507e-01
2.060885e+00 9.692639e-01
2.067168e+00 9.814509e-01
2.073451e+00 9.935105e-01
2.079734e+00 1.005442e+00
2.086018e+00 1.017244e+00
2.092301e+00 1.028917e+00
2.098584e+00 1.040460e+00
2.104867e+00 1.051873e+00
2.111150e+00 1.063156e+00
2.117433e+00 1.074308e+00
2.123717e+00 1.085330e+00
2.130000e+00 1.096223e+00
2.136283e+00 1.106986e+00
2.142566e+00 1.117621e+00
2.148849e+00 1.128128e+00
2.155133e+00 1.138508e+00
2.161416e+00 1.148761e+00
2.167699e+00 1.158890e+00
2.173982e+00 1.168896e+00
2.180265e+00 1.178779e+00
2.186548e+00 1.188541e+00
2.192832e+00 1.198185e+00
2.199115e+00 1.207710e+00
2.205398e+00 1.217120e+00
2.211681e+00 1.226417e+00
2.217964e+00 1.235601e+00
2.224248e+00 1.244676e+00
2.230531e+00 1.253643e+00
2.236814e+00 1.262504e+00
2.243097e+00 1.271263e+00
2.249380e+00 1.279920e+00
2.255664e+00 1.288480e+00
2.261947e+00 1.296943e+00
2.268230e+00 1.305313e+00
2.274513e+00 1.313593e+00
2.280796e+00 1.321784e+00
2.287079e+00 1.329890e+00
2.293363e+00 1.337913e+00
2.299646e+00 1.345856e+00
2.305929e+00 1.353722e+00
2.312212e+00 1.361514e+00
2.318495e+00 1.369234e+00
2.324779e+00 1.376886e+00
2.331062e+00 1.384472e+00
2.337345e+00 1.391994e+00
2.343628e+00 1.399457e+00
2.349911e+00 1.406863e+00
2.356194e+00 1.414214e+00
2.362478e+00 1.421513e+00
2.368761e+00 1.428764e+00
2.375044e+00 1.435969e+00
2.381327e+00 1.443130e+00
2.387610e+00 1.450252e+00
2.393894e+00 1.457335e+00
2.400177e+00 1.464384e+00
2.406460e+00 1.471400e+00
2.412743e+00 1.478387e+00
2.419026e+00 1.485346e+00
2.425310e+00 1.492281e+00
2.431593e+00 1.499194e+00
2.437876e+00 1.506087e+00
2.444159e+00 1.512962e+00
2.450442e+00 1.519822e+00
2.456725e+00 1.526669e+00
2.463009e+00 1.533505e+00
2.469292e+00 1.540332e+00
2.475575e+00 1.547152e+00
2.481858e+00 1.553967e+00
2.488141e+00 1.560779e+00
2.494425e+00 1.567590e+00
2.500708e+00 1.574400e+00
2.506991e+00 1.581212e+00
2.513274e+00 1.588026e+00
2.519557e+00 1.594845e+00
2.525840e+00 1.601670e+00
2.532124e+00 1.608500e+00
2.538407e+00 1.615339e+00
2.544690e+00 1.622185e+00
2.550973e+00 1.629041e+00
2.557256e+00 1.635907e+00
2.563540e+00 1.642783e+00
2.569823e+00 1.649669e+00
2.576106e+00 1.656566e+00
2.582389e+00 1.663475e+00
2.588672e+00 1.670395e+00
2.594956e+00 1.677325e+00
2.601239e+00 1.684267e+00
2.607522e+00 1.691218e+00
2.613805e+00 1.698180e+00
2.620088e+00 1.705151e+00
2.626371e+00 1.712131e+00
2.632655e+00 1.719118e+00
2.638938e+00 1.726112e+00
2.645221e+00 1.733111e+00
2.651504e+00 1.740115e+00
2.657787e+00 1.747121e+00
2.664071e+00 1.754128e+00
2.670354e+00 1.761135e+00
2.676637e+00 1.768140e+00
2.682920e+00 1.775140e+00
2.689203e+00 1.782133e+00
2.695486e+00 1.789118e+00
2.701770e+00 1.796091e+00
2.708053e+00 1.803051e+00
2.714336e+00 1.809994e+00
2.720619e+00 1.816919e+00
2.726902e+00 1.823821e+00
2.733186e+00 1.830698e+00
2.739469e+00 1.837547e+00
2.745752e+00 1.844364e+00
2.752035e+00 1.851145e+00
2.758318e+00 1.857889e+00
2.764602e+00 1.864589e+00
2.770885e+00 1.871244e+00
2.777168e+00 1.877848e+00
2.783451e+00 1.884399e+00
2.789734e+00 1.890891e+00
2.796017e+00 1.897320e+00
2.802301e+00 1.903682e+00
2.808584e+00 1.909973e+00
2.814867e+00 1.916188e+00
2.821150e+00 1.922322e+00
2.827433e+00 1.928370e+00
2.833717e+00 1.934327e+00
2.840000e+00 1.940189e+00
2.846283e+00 1.945951e+00
2.852566e+00 1.951607e+00
2.858849e+00 1.957151e+00
2.865133e+00 1.962580e+00
2.871416e+00 1.967887e+00
2.877699e+00 1.973066e+00
2.883982e+00 1.978113e+00
2.890265e+00 1.983022e+00
2.896548e+00 1.987786e+00
2.902832e+00 1.992401e+00
2.909115e+00 1.996861e+00
2.915398e+00 2.001159e+00
2.921681e+00 2.005291e+00
2.927964e+00 2.009250e+00
2.934248e+00 2.013030e+00
2.940531e+00 2.016625e+00
2.946814e+00 2.020030e+00
2.953097e+00 2.023239e+00
2.959380e+00 2.026245e+00
2.965663e+00 2.029043e+00
2.971947e+00 2.031626e+00
2.978230e+00 2.033990e+00
2.984513e+00 2.036127e+00
2.990796e+00 2.038033e+00
2.997079e+00 2.039701e+00
3.003363e+00 2.041125e+00
3.009646e+00 2.042300e+00
3.015929e+00 2.043220e+00
3.022212e+00 2.043879e+00
3.028495e+00 2.044273e+00
3.034779e+00 2.044394e+00
3.041062e+00 2.044238e+00
3.047345e+00 2.043800e+00
3.053628e+00 2.043073e+00
3.059911e+00 2.042054e+00
3.066194e+00 2.040737e+00
3.072478e+00 2.039116e+00
3.078761e+00 2.037188e+00
3.085044e+00 2.034947e+00
3.091327e+00 2.032388e+00
3.097610e+00 2.029508e+00
3.103894e+00 2.026302e+00
3.110177e+00 2.022766e+00
3.116460e+00 2.018896e+00
3.122743e+00 2.014688e+00
3.129026e+00 2.010138e+00
3.135309e+00 2.005243e+00
3.141593e+00 2.000000e+00
3.147876e+00 1.994405e+00
3.154159e+00 1.988457e+00
3.160442e+00 1.982151e+00
3.166725e+00 1.975486e+00
3.173009e+00 1.968460e+00
3.179292e+00 1.961070e+00
3.185575e+00 1.953315e+00
3.191858e+00 1.945193e+00
3.198141e+00 1.936703e+00
3.204425e+00 1.927845e+00
3.210708e+00 1.918617e+00
3.216991e+00 1.909019e+00
3.223274e+00 1.899052e+00
3.229557e+00 1.888715e+00
3.235840e+00 1.878009e+00
3.242124e+00 1.866934e+00
3.248407e+00 1.855493e+00
3.254690e+00 1.843685e+00
3.260973e+00 1.831514e+00
3.267256e+00 1.818982e+00
3.273540e+00 1.806090e+00
3.279823e+00 1.792842e+00
3.286106e+00 1.779242e+00
3.292389e+00 1.765291e+00
3.298672e+00 1.750996e+00
3.304955e+00 1.736360e+00
3.311239e+00 1.721387e+00
3.317522e+00 1.706084e+00
3.323805e+00 1.690455e+00
3.330088e+00 1.674507e+00
3.336371e+00 1.658246e+00
3.342655e+00 1.641679e+00
3.348938e+00 1.624814e+00
3.355221e+00 1.607657e+00
3.361504e+00 1.590218e+00
3.367787e+00 1.572505e+00
3.374071e+00 1.554527e+00
3.380354e+00 1.536293e+00
3.386637e+00 1.517814e+00
3.392920e+00 1.499100e+00
3.399203e+00 1.480163e+00
3.405486e+00 1.461013e+00
3.411770e+00 1.441663e+00
3.418053e+00 1.422126e+00
3.424336e+00 1.402414e+00
3.430619e+00 1.382540e+00
3.436902e+00 1.362520e+00
3.443186e+00 1.342366e+00
3.449469e+00 1.322096e+00
3.455752e+00 1.301723e+00
3.462035e+00 1.281265e+00
3.468318e+00 1.260738e+00
3.474601e+00 1.240159e+00
3.480885e+00 1.219546e+00
3.487168e+00 1.198918e+00
3.493451e+00 1.178292e+00
3.499734e+00 1.157689e+00
3.506017e+00 1.137129e+00
3.512301e+00 1.116632e+00
3.518584e+00 1.096220e+00
3.524867e+00 1.075913e+00
3.531150e+00 1.055735e+00
3.537433e+00 1.035708e+00
3.543717e+00 1.015855e+00
3.550000e+00 9.962003e-01
3.556283e+00 9.767688e-01
3.562566e+00 9.575853e-01
3.568849e+00 9.386755e-01
3.575132e+00 9.200657e-01
3.581416e+00 9.017827e-01
3.587699e+00 8.838539e-01
3.593982e+00 8.663072e-01
3.600265e+00 8.491713e-01
3.606548e+00 8.324752e-01
3.612832e+00 8.162487e-01
3.619115e+00 8.005220e-01
3.625398e+00 7.853259e-01
3.631681e+00 7.706918e-01
3.637964e+00 7.566517e-01
3.644247e+00 7.432381e-01
3.650531e+00 7.304841e-01
3.656814e+00 7.184233e-01
3.663097e+00 7.070899e-01
3.669380e+00 6.965186e-01
3.675663e+00 6.867447e-01
3.681947e+00 6.778040e-01
3.688230e+00 6.697328e-01
3.694513e+00 6.625681e-01
3.700796e+00 6.563471e-01
3.707079e+00 6.511079e-01
3.713363e+00 6.468888e-01
3.719646e+00 6.437287e-01
3.725929e+00 6.416672e-01
3.732212e+00 6.407440e-01
3.738495e+00 6.409996e-01
3.744778e+00 6.424748e-01
3.751062e+00 6.452111e-01
3.757345e+00 6.492501e-01
3.763628e+00 6.546341e-01
3.769911e+00 6.614058e-01
3.776194e+00 6.696083e-01
3.782478e+00 6.792851e-01
3.788761e+00 6.904803e-01
3.795044e+00 7.032380e-01
3.801327e+00 7.176031e-01
3.807610e+00 7.336206e-01
3.813893e+00 7.513361e-01
3.820177e+00 7.707952e-01
3.826460e+00 7.920442e-01
3.832743e+00 8.151296e-01
3.839026e+00 8.400982e-01
3.845309e+00 8.669970e-01
3.851593e+00 8.958735e-01
3.857876e+00 9.267752e-01
3.864159e+00 9.597501e-01
3.870442e+00 9.948464e-01
3.876725e+00 1.032112e+00
3.883009e+00 1.071597e+00
3.889292e+00 1.113348e+00
3.895575e+00 1.157415e+00
3.901858e+00 1.203847e+00
3.908141e+00 1.252694e+00
3.914424e+00 1.304004e+00
3.920708e+00 1.357828e+00
3.926991e+00 1.414214e+00
3.933274e+00 1.473212e+00
3.939557e+00 1.534872e+00
3.945840e+00 1.599244e+00
3.952124e+00 1.666377e+00
3.958407e+00 1.736321e+00
3.964690e+00 1.809125e+00
3.970973e+00 1.884840e+00
3.977256e+00 1.963514e+00
3.983539e+00 2.045197e+00
3.989823e+00 2.129938e+00
3.996106e+00 2.217786e+00
4.002389e+00 2.308791e+00
4.008672e+00 2.403000e+00
4.014955e+00 2.500462e+00
4.021239e+00 2.601226e+00
4.027522e+00 2.705340e+00
4.033805e+00 2.812851e+00
4.040088e+00 2.923806e+00
4.046371e+00 3.038252e+00
4.052655e+00 3.156236e+00
4.058938e+00 3.277805e+00
4.065221e+00 3.403003e+00
4.071504e+00 3.531877e+00
4.077787e+00 3.664470e+00
4.084070e+00 3.800828e+00
4.090354e+00 3.940993e+00
4.096637e+00 4.085010e+00
4.102920e+00 4.232919e+00
4.109203e+00 4.384764e+00
4.115486e+00 4.540586e+00
4.121770e+00 4.700425e+00
4.128053e+00 4.864320e+00
4.134336e+00 5.032311e+00
4.140619e+00 5.204436e+00
4.146902e+00 5.380732e+00
4.153185e+00 5.561236e+00
4.159469e+00 5.745983e+00
4.165752e+00 5.935008e+00
4.172035e+00 6.128344e+00
4.178318e+00 6.326025e+00
4.184601e+00 6.528081e+00
4.190885e+00 6.734545e+00
4.197168e+00 6.945444e+00
4.203451e+00 7.160807e+00
4.209734e+00 7.380662e+00
4.216017e+00 7.605034e+00
4.222301e+00 7.833948e+00
4.228584e+00 8.067428e+00
4.234867e+00 8.305496e+00
4.241150e+00 8.548171e+00
4.247433e+00 8.795475e+00
4.253716e+00 9.047424e+00
4.260000e+00 9.304034e+00
4.266283e+00 9.565322e+00
4.272566e+00 9.831301e+00
4.278849e+00 1.010198e+01
4.285132e+00 1.037737e+01
4.291416e+00 1.065749e+01
4.297699e+00 1.094233e+01
4.303982e+00 1.123190e+01
4.310265e+00 1.152621e+01
4.316548e+00 1.182526e+01
4.322831e+00 1.212905e+01
4.329115e+00 1.243757e+01
4.335398e+00 1.275082e+01
4.341681e+00 1.306879e+01
4.347964e+00 1.339149e+01
4.354247e+00 1.371889e+01
4.360531e+00 1.405098e+01
4.366814e+00 1.438775e+01
4.373097e+00 1.472919e+01
4.379380e+00 1.507527e+01
4.385663e+00 1.542597e+01
4.391947e+00 1.578127e+01
4.398230e+00 1.614115e+01
4.404513e+00 1.650557e+01
4.410796e+00 1.687451e+01
4.417079e+00 1.724793e+01
4.423362e+00 1.762580e+01
4.429646e+00 1.800808e+01
4.435929e+00 1.839472e+01
4.442212e+00 1.878569e+01
4.448495e+00 1.918095e+01
4.454778e+00 1.958043e+01
4.461062e+00 1.998410e+01
4.467345e+00 2.039189e+01
4.473628e+00 2.080375e+01
4.479911e+00 2.121962e+01
4.486194e+00 2.163944e+01
4.492477e+00 2.206314e+01
4.498761e+00 2.249066e+01
4.505044e+00 2.292192e+01
4.511327e+00 2.335685e+01
4.517610e+00 2.379537e+01
4.523893e+00 2.423741e+01
4.530177e+00 2.468287e+01
4.536460e+00 2.513167e+01
4.542743e+00 2.558372e+01
4.549026e+00 2.603894e+01
4.555309e+00 2.649721e+01
4.561593e+00 2.695845e+01
4.567876e+00 2.742254e+01
4.574159e+00 2.788939e+01
4.580442e+00 2.835888e+01
4.586725e+00 2.883091e+01
4.593008e+00 2.930534e+01
4.599292e+00 2.978207e+01
4.605575e+00 3.026097e+01
4.611858e+00 3.074192e+01
4.618141e+00 3.122477e+01
4.624424e+00 3.170941e+01
4.630708e+00 3.219568e+01
4.636991e+00 3.268346e+01
4.643274e+00 3.317258e+01
4.649557e+00 3.366292e+01
4.655840e+00 3.415430e+01
4.662123e+00 3.464658e+01
4.668407e+00 3.513960e+01
4.674690e+00 3.563319e+01
4.680973e+00 3.612719e+01
4.687256e+00 3.662142e+01
4.693539e+00 3.711570e+01
4.699823e+00 3.760987e+01
4.706106e+00 3.810374e+01
4.712389e+00 3.859711e+01
4.718672e+00 3.908981e+01
4.724955e+00 3.958163e+01
4.731239e+00 4.007238e+01
4.737522e+00 4.056185e+01
4.743805e+00 4.104984e+01
4.750088e+00 4.153615e+01
4.756371e+00 4.202054e+01
4.762654e+00 4.250282e+01
4.768938e+00 4.298275e+01
4.775221e+00 4.346011e+01
4.781504e+00 4.393467e+01
4.787787e+00 4.440620e+01
4.794070e+00 4.487446e+01
4.800354e+00 4.533921e+01
4.806637e+00 4.580021e+01
4.812920e+00 4.625720e+01
4.819203e+00 4.670993e+01
4.825486e+00 4.715815e+01
4.831770e+00 4.760160e+01
4.838053e+00 4.804000e+01
4.844336e+00 4.847311e+01
4.850619e+00 4.890063e+01
4.856902e+00 4.932230e+01
4.863185e+00 4.973784e+01
4.869469e+00 5.014697e+01
4.875752e+00 5.054939e+01
4.882035e+00 5.094483e+01
4.888318e+00 5.133298e+01
4.894601e+00 5.171355e+01
4.900885e+00 5.208624e+01
4.907168e+00 5.245074e+01
4.913451e+00 5.280675e+01
4.919734e+00 5.315395e+01
4.926017e+00 5.349204e+01
4.932300e+00 5.382069e+01
4.938584e+00 5.413959e+01
4.944867e+00 5.444841e+01
4.951150e+00 5.474682e+01
4.957433e+00 5.503450e+01
4.963716e+00 5.531111e+01
4.970000e+00 5.557632e+01
4.976283e+00 5.582978e+01
4.982566e+00 5.607117e+01
4.988849e+00 5.630013e+01
4.995132e+00 5.651632e+01
5.001416e+00 5.671939e+01
5.007699e+00 5.690899e+01
5.013982e+00 5.708476e+01
5.020265e+00 5.724636e+01
5.026548e+00 5.739342e+01
5.032831e+00 5.752558e+01
5.039115e+00 5.764249e+01
5.045398e+00 5.774377e+01
5.051681e+00 5.782907e+01
5.057964e+00 5.789802e+01
5.064247e+00 5.795026e+01
5.070531e+00 5.798540e+01
5.076814e+00 5.800309e+01
5.083097e+00 5.800295e+01
5.089380e+00 5.798461e+01
5.095663e+00 5.794769e+01
5.101946e+00 5.789184e+01
5.108230e+00 5.781666e+01
5.114513e+00 5.772178e+01
5.120796e+00 5.760684e+01
5.127079e+00 5.747146e+01
5.133362e+00 5.731527e+01
5.139646e+00 5.713788e+01
5.145929e+00 5.693894e+01
5.152212e+00 5.671806e+01
5.158495e+00 5.647487e+01
5.164778e+00 5.620901e+01
5.171062e+00 5.592011e+01
5.177345e+00 5.560780e+01
5.183628e+00 5.527171e+01
5.189911e+00 5.491148e+01
5.196194e+00 5.452675e+01
5.202477e+00 5.411716e+01
5.208761e+00 5.368236e+01
5.215044e+00 5.322199e+01
5.221327e+00 5.273569e+01
5.227610e+00 5.222314e+01
5.233893e+00 5.168397e+01
5.240177e+00 5.111785e+01
5.246460e+00 5.052445e+01
5.252743e+00 4.990343e+01
5.259026e+00 4.925447e+01
5.265309e+00 4.857725e+01
5.271592e+00 4.787144e+01
5.277876e+00 4.713675e+01
5.284159e+00 4.637286e+01
5.290442e+00 4.557948e+01
5.296725e+00 4.475632e+01
5.303008e+00 4.390308e+01
5.309292e+00 4.301949e+01
5.315575e+00 4.210529e+01
5.321858e+00 4.116020e+01
5.328141e+00 4.018397e+01
5.334424e+00 3.917636e+01
5.340708e+00 3.813713e+01
5.346991e+00 3.706605e+01
5.353274e+00 3.596290e+01
5.359557e+00 3.482747e+01
5.365840e+00 3.365957e+01
5.372123e+00 3.245900e+01
5.378407e+00 3.122560e+01
5.384690e+00 2.995919e+01
5.390973e+00 2.865963e+01
5.397256e+00 2.732677e+01
5.403539e+00 2.596049e+01
5.409823e+00 2.456067e+01
5.416106e+00 2.312722e+01
5.422389e+00 2.166004e+01
5.428672e+00 2.015907e+01
5.434955e+00 1.862425e+01
5.441238e+00 1.705555e+01
5.447522e+00 1.545293e+01
5.453805e+00 1.381640e+01
5.460088e+00 1.214596e+01
5.466371e+00 1.044164e+01
5.472654e+00 8.703496e+00
5.478938e+00 6.931583e+00
5.485221e+00 5.125991e+00
5.491504e+00 3.286826e+00
5.497787e+00 1.414214e+00
5.504070e+00 -4.916983e-01
5.510354e+00 -2.430740e+00
5.516637e+00 -4.402720e+00
5.522920e+00 -6.407423e+00
5.529203e+00 -8.444610e+00
5.535486e+00 -1.051402e+01
5.541769e+00 -1.261536e+01
5.548053e+00 -1.474832e+01
5.554336e+00 -1.691256e+01
5.560619e+00 -1.910770e+01
5.566902e+00 -2.133337e+01
5.573185e+00 -2.358912e+01
5.579469e+00 -2.587452e+01
5.585752e+00 -2.818907e+01
5.592035e+00 -3.053226e+01
5.598318e+00 -3.290356e+01
5.604601e+00 -3.530237e+01
5.610884e+00 -3.772809e+01
5.617168e+00 -4.018008e+01
5.623451e+00 -4.265765e+01
5.629734e+00 -4.516010e+01
5.636017e+00 -4.768667e+01
5.642300e+00 -5.023657e+01
5.648584e+00 -5.280898e+01
5.654867e+00 -5.540304e+01
5.661150e+00 -5.801784e+01
5.667433e+00 -6.065243e+01
5.673716e+00 -6.330583e+01
5.680000e+00 -6.597701e+01
5.686283e+00 -6.866490e+01
5.692566e+00 -7.136838e+01
5.698849e+00 -7.408629e+01
5.705132e+00 -7.681742e+01
5.711415e+00 -7.956051e+01
5.717699e+00 -8.231426e+01
5.723982e+00 -8.507732e+01
5.730265e+00 -8.784828e+01
5.736548e+00 -9.062568e+01
5.742831e+00 -9.340803e+01
5.749115e+00 -9.619374e+01
5.755398e+00 -9.898122e+01
5.761681e+00 -1.017688e+02
5.767964e+00 -1.045547e+02
5.774247e+00 -1.073372e+02
5.780530e+00 -1.101144e+02
5.786814e+00 -1.128844e+02
5.793097e+00 -1.156453e+02
5.799380e+00 -1.183949e+02
5.805663e+00 -1.211313e+02
5.811946e+00 -1.238522e+02
5.818230e+00 -1.265555e+02
5.824513e+00 -1.292388e+02
5.830796e+00 -1.318997e+02
5.837079e+00 -1.345358e+02
5.843362e+00 -1.371447e+02
5.849646e+00 -1.397236e+02
5.855929e+00 -1.422701e+02
5.862212e+00 -1.447813e+02
5.868495e+00 -1.472543e+02
5.874778e+00 -1.496865e+02
5.881061e+00 -1.520746e+02
5.887345e+00 -1.544158e+02
5.893628e+00 -1.567069e+02
5.899911e+00 -1.589446e+02
5.906194e+00 -1.611256e+02
5.912477e+00 -1.632465e+02
5.918761e+00 -1.653039e+02
5.925044e+00 -1.672942e+02
5.931327e+00 -1.692137e+02
5.937610e+00 -1.710586e+02
5.943893e+00 -1.728251e+02
5.950176e+00 -1.745092e+02
5.956460e+00 -1.761069e+02
5.962743e+00 -1.776139e+02
5.969026e+00 -1.790261e+02
5.975309e+00 -1.803390e+02
5.981592e+00 -1.815482e+02
5.987876e+00 -1.826491e+02
5.994159e+00 -1.836371e+02
6.000442e+00 -1.845072e+02
6.006725e+00 -1.852546e+02
6.013008e+00 -1.858742e+02
6.019292e+00 -1.863609e+02
6.025575e+00 -1.867094e+02
6.031858e+00 -1.869143e+02
6.038141e+00 -1.869701e+02
6.044424e+00 -1.868712e+02
6.050707e+00 -1.866117e+02
6.056991e+00 -1.861858e+02
6.063274e+00 -1.855874e+02
6.069557e+00 -1.848104e+02
6.075840e+00 -1.838484e+02
6.082123e+00 -1.826950e+02
6.088407e+00 -1.813436e+02
6.094690e+00 -1.797875e+02
6.100973e+00 -1.780198e+02
6.107256e+00 -1.760335e+02
6.113539e+00 -1.738214e+02
6.119822e+00 -1.713762e+02
6.126106e+00 -1.686903e+02
6.132389e+00 -1.657562e+02
6.138672e+00 -1.625661e+02
6.144955e+00 -1.591120e+02
6.151238e+00 -1.553858e+02
6.157522e+00 -1.513791e+02
6.163805e+00 -1.470836e+02
6.170088e+00 -1.424906e+02
6.176371e+00 -1.375912e+02
6.182654e+00 -1.323766e+02
6.188938e+00 -1.268375e+02
6.195221e+00 -1.209646e+02
6.201504e+00 -1.147483e+02
6.207787e+00 -1.081790e+02
6.214070e+00 -1.012467e+02
6.220353e+00 -9.394130e+01
6.226637e+00 -8.625252e+01
6.232920e+00 -7.816985e+01
6.239203e+00 -6.968259e+01
6.245486e+00 -6.077982e+01
6.251769e+00 -5.145043e+01
6.258053e+00 -4.168309e+01
6.264336e+00 -3.146624e+01
6.270619e+00 -2.078814e+01
6.276902e+00 -9.636794e+00
6.283185e+00 2.000000e+00
1.393148e+01