6.283185e-01
1.256637e+00
1.884956e+00
2.513274e+00
3.141593e+00
3.769911e+00
4.398230e+00
5.026548e+00
5.654867e+00
6.283185e+00
0.000000e+00 2.000000e+00
6.283185e-03 1.893737e+00
1.256637e-02 1.793290e+00
1.884956e-02 1.698464e+00
2.513274e-02 1.609068e+00
3.141593e-02 1.524916e+00
3.769911e-02 1.445826e+00
4.398230e-02 1.371620e+00
5.026548e-02 1.302126e+00
5.654867e-02 1.237174e+00
6.283185e-02 1.176599e+00
6.911504e-02 1.120240e+00
7.539822e-02 1.067940e+00
8.168141e-02 1.019547e+00
8.796459e-02 9.749098e-01
9.424778e-02 9.338842e-01
1.005310e-01 8.963278e-01
1.068142e-01 8.621026e-01
1.130973e-01 8.310737e-01
1.193805e-01 8.031099e-01
1.256637e-01 7.780834e-01
1.319469e-01 7.558698e-01
1.382301e-01 7.363478e-01
1.445133e-01 7.193996e-01
1.507964e-01 7.049104e-01
1.570796e-01 6.927686e-01
1.633628e-01 6.828654e-01
1.696460e-01 6.750955e-01
1.759292e-01 6.693560e-01
1.822124e-01 6.655472e-01
1.884956e-01 6.635722e-01
1.947787e-01 6.633367e-01
2.010619e-01 6.647493e-01
2.073451e-01 6.677212e-01
2.136283e-01 6.721661e-01
2.199115e-01 6.780004e-01
2.261947e-01 6.851430e-01
2.324779e-01 6.935152e-01
2.387610e-01 7.030406e-01
2.450442e-01 7.136454e-01
2.513274e-01 7.252580e-01
2.576106e-01 7.378090e-01
2.638938e-01 7.512313e-01
2.701770e-01 7.654598e-01
2.764602e-01 7.804318e-01
2.827433e-01 7.960865e-01
2.890265e-01 8.123650e-01
2.953097e-01 8.292108e-01
3.015929e-01 8.465689e-01
3.078761e-01 8.643864e-01
3.141593e-01 8.826124e-01
3.204425e-01 9.011977e-01
3.267256e-01 9.200947e-01
3.330088e-01 9.392578e-01
3.392920e-01 9.586430e-01
3.455752e-01 9.782080e-01
3.518584e-01 9.979120e-01
3.581416e-01 1.017716e+00
3.644247e-01 1.037583e+00
3.707079e-01 1.057476e+00
3.769911e-01 1.077360e+00
3.832743e-01 1.097204e+00
3.895575e-01 1.116974e+00
3.958407e-01 1.136642e+00
4.021239e-01 1.156177e+00
4.084070e-01 1.175552e+00
4.146902e-01 1.194741e+00
4.209734e-01 1.213718e+00
4.272566e-01 1.232460e+00
4.335398e-01 1.250944e+00
4.398230e-01 1.269149e+00
4.461062e-01 1.287053e+00
4.523893e-01 1.304638e+00
4.586725e-01 1.321885e+00
4.649557e-01 1.338778e+00
4.712389e-01 1.355299e+00
4.775221e-01 1.371434e+00
4.838053e-01 1.387169e+00
4.900885e-01 1.402489e+00
4.963716e-01 1.417383e+00
5.026548e-01 1.431839e+00
5.089380e-01 1.445847e+00
5.152212e-01 1.459396e+00
5.215044e-01 1.472477e+00
5.277876e-01 1.485083e+00
5.340708e-01 1.497205e+00
5.403539e-01 1.508838e+00
5.466371e-01 1.519974e+00
5.529203e-01 1.530609e+00
5.592035e-01 1.540738e+00
5.654867e-01 1.550357e+00
5.717699e-01 1.559462e+00
5.780530e-01 1.568051e+00
5.843362e-01 1.576122e+00
5.906194e-01 1.583672e+00
5.969026e-01 1.590702e+00
6.031858e-01 1.597210e+00
6.094690e-01 1.603196e+00
6.157522e-01 1.608662e+00
6.220353e-01 1.613607e+00
6.283185e-01 1.618034e+00
6.346017e-01 1.621944e+00
6.408849e-01 1.625340e+00
6.471681e-01 1.628224e+00
6.534513e-01 1.630599e+00
6.597345e-01 1.632470e+00
6.660176e-01 1.633839e+00
6.723008e-01 1.634712e+00
6.785840e-01 1.635092e+00
6.848672e-01 1.634985e+00
6.911504e-01 1.634396e+00
6.974336e-01 1.633330e+00
7.037168e-01 1.631794e+00
7.099999e-01 1.629793e+00
7.162831e-01 1.627333e+00
7.225663e-01 1.624421e+00
7.288495e-01 1.621065e+00
7.351327e-01 1.617270e+00
7.414159e-01 1.613045e+00
7.476991e-01 1.608396e+00
7.539822e-01 1.603331e+00
7.602654e-01 1.597858e+00
7.665486e-01 1.591985e+00
7.728318e-01 1.585721e+00
7.791150e-01 1.579072e+00
7.853982e-01 1.572048e+00
7.916813e-01 1.564658e+00
7.979645e-01 1.556909e+00
8.042477e-01 1.548810e+00
8.105309e-01 1.540371e+00
8.168141e-01 1.531600e+00
8.230973e-01 1.522506e+00
8.293805e-01 1.513099e+00
8.356636e-01 1.503387e+00
8.419468e-01 1.493379e+00
8.482300e-01 1.483085e+00
8.545132e-01 1.472514e+00
8.607964e-01 1.461675e+00
8.670796e-01 1.450578e+00
8.733628e-01 1.439232e+00
8.796459e-01 1.427646e+00
8.859291e-01 1.415830e+00
8.922123e-01 1.403792e+00
8.984955e-01 1.391543e+00
9.047787e-01 1.379092e+00
9.110619e-01 1.366448e+00
9.173451e-01 1.353620e+00
9.236282e-01 1.340617e+00
9.299114e-01 1.327449e+00
9.361946e-01 1.314125e+00
9.424778e-01 1.300655e+00
9.487610e-01 1.287046e+00
9.550442e-01 1.273309e+00
9.613274e-01 1.259451e+00
9.676105e-01 1.245483e+00
9.738937e-01 1.231413e+00
9.801769e-01 1.217250e+00
9.864601e-01 1.203002e+00
9.927433e-01 1.188679e+00
9.990265e-01 1.174288e+00
1.005310e+00 1.159838e+00
1.011593e+00 1.145338e+00
1.017876e+00 1.130796e+00
1.024159e+00 1.116220e+00
1.030442e+00 1.101618e+00
1.036726e+00 1.086998e+00
1.043009e+00 1.072368e+00
1.049292e+00 1.057737e+00
1.055575e+00 1.043111e+00
1.061858e+00 1.028498e+00
1.068142e+00 1.013906e+00
1.074425e+00 9.993421e-01
1.080708e+00 9.848136e-01
1.086991e+00 9.703275e-01
1.093274e+00 9.558911e-01
1.099557e+00 9.415111e-01
1.105841e+00 9.271943e-01
1.112124e+00 9.129475e-01
1.118407e+00 8.987772e-01
1.124690e+00 8.846898e-01
1.130973e+00 8.706916e-01
1.137257e+00 8.567888e-01
1.143540e+00 8.429874e-01
1.149823e+00 8.292934e-01
1.156106e+00 8.157125e-01
1.162389e+00 8.022505e-01
1.168672e+00 7.889128e-01
1.174956e+00 7.757049e-01
1.181239e+00 7.626320e-01
1.187522e+00 7.496993e-01
1.193805e+00 7.369119e-01
1.200088e+00 7.242745e-01
1.206372e+00 7.117920e-01
1.212655e+00 6.994690e-01
1.218938e+00 6.873099e-01
1.225221e+00 6.753191e-01
1.231504e+00 6.635010e-01
1.237788e+00 6.518595e-01
1.244071e+00 6.403986e-01
1.250354e+00 6.291222e-01
1.256637e+00 6.180340e-01
1.262920e+00 6.071376e-01
1.269203e+00 5.964364e-01
1.275487e+00 5.859337e-01
1.281770e+00 5.756329e-01
1.288053e+00 5.655368e-01
1.294336e+00 5.556486e-01
1.300619e+00 5.459709e-01
1.306903e+00 5.365065e-01
1.313186e+00 5.272580e-01
1.319469e+00 5.182279e-01
1.325752e+00 5.094184e-01
1.332035e+00 5.008317e-01
1.338318e+00 4.924700e-01
1.344602e+00 4.843352e-01
1.350885e+00 4.764292e-01
1.357168e+00 4.687537e-01
1.363451e+00 4.613103e-01
1.369734e+00 4.541005e-01
1.376018e+00 4.471258e-01
1.382301e+00 4.403873e-01
1.388584e+00 4.338864e-01
1.394867e+00 4.276239e-01
1.401150e+00 4.216009e-01
1.407434e+00 4.158182e-01
1.413717e+00 4.102766e-01
1.420000e+00 4.049766e-01
1.426283e+00 3.999189e-01
1.432566e+00 3.951038e-01
1.438849e+00 3.905316e-01
1.445133e+00 3.862026e-01
1.451416e+00 3.821170e-01
1.457699e+00 3.782747e-01
1.463982e+00 3.746757e-01
1.470265e+00 3.713198e-01
1.476549e+00 3.682068e-01
1.482832e+00 3.653364e-01
1.489115e+00 3.627081e-01
1.495398e+00 3.603215e-01
1.501681e+00 3.581758e-01
1.507964e+00 3.562706e-01
1.514248e+00 3.546048e-01
1.520531e+00 3.531779e-01
1.526814e+00 3.519887e-01
1.533097e+00 3.510364e-01
1.539380e+00 3.503198e-01
1.545664e+00 3.498378e-01
1.551947e+00 3.495892e-01
1.558230e+00 3.495726e-01
1.564513e+00 3.497867e-01
1.570796e+00 3.502301e-01
1.577080e+00 3.509013e-01
1.583363e+00 3.517987e-01
1.589646e+00 3.529207e-01
1.595929e+00 3.542655e-01
1.602212e+00 3.558315e-01
1.608495e+00 3.576169e-01
1.614779e+00 3.596197e-01
1.621062e+00 3.618380e-01
1.627345e+00 3.642699e-01
1.633628e+00 3.669134e-01
1.639911e+00 3.697663e-01
1.646195e+00 3.728266e-01
1.652478e+00 3.760920e-01
1.658761e+00 3.795604e-01
1.665044e+00 3.832295e-01
1.671327e+00 3.870969e-01
1.677610e+00 3.911604e-01
1.683894e+00 3.954175e-01
1.690177e+00 3.998658e-01
1.696460e+00 4.045028e-01
1.702743e+00 4.093261e-01
1.709026e+00 4.143331e-01
1.715310e+00 4.195212e-01
1.721593e+00 4.248878e-01
1.727876e+00 4.304304e-01
1.734159e+00 4.361462e-01
1.740442e+00 4.420326e-01
1.746726e+00 4.480869e-01
1.753009e+00 4.543063e-01
1.759292e+00 4.606880e-01
1.765575e+00 4.672294e-01
1.771858e+00 4.739276e-01
1.778141e+00 4.807797e-01
1.784425e+00 4.877830e-01
1.790708e+00 4.949346e-01
1.796991e+00 5.022317e-01
1.803274e+00 5.096713e-01
1.809557e+00 5.172506e-01
1.815841e+00 5.249667e-01
1.822124e+00 5.328166e-01
1.828407e+00 5.407975e-01
1.834690e+00 5.489065e-01
1.840973e+00 5.571405e-01
1.847256e+00 5.654966e-01
1.853540e+00 5.739720e-01
1.859823e+00 5.825636e-01
1.866106e+00 5.912686e-01
1.872389e+00 6.000839e-01
1.878672e+00 6.090067e-01
1.884956e+00 6.180340e-01
1.891239e+00 6.271628e-01
1.897522e+00 6.363902e-01
1.903805e+00 6.457133e-01
1.910088e+00 6.551292e-01
1.916372e+00 6.646349e-01
1.922655e+00 6.742275e-01
1.928938e+00 6.839041e-01
1.935221e+00 6.936619e-01
1.941504e+00 7.034978e-01
1.947787e+00 7.134092e-01
1.954071e+00 7.233930e-01
1.960354e+00 7.334465e-01
1.966637e+00 7.435668e-01
1.972920e+00 7.537511e-01
1.979203e+00 7.639965e-01
1.985487e+00 7.743004e-01
1.991770e+00 7.846599e-01
1.998053e+00 7.950723e-01
2.004336e+00 8.055348e-01
2.010619e+00 8.160447e-01
2.016902e+00 8.265994e-01
2.023186e+00 8.371961e-01
2.029469e+00 8.478321e-01
2.035752e+00 8.585049e-01
2.042035e+00 8.692119e-01
2.048318e+00 8.799504e-01
2.054602e+00 8.907178e-01
2.060885e+00 9.015117e-01
2.067168e+00 9.123295e-01
2.073451e+00 9.231687e-01
2.079734e+00 9.340268e-01
2.086018e+00 9.449015e-01
2.092301e+00 9.557902e-01
2.098584e+00 9.666906e-01
2.104867e+00 9.776003e-01
2.111150e+00 9.885170e-01
2.117433e+00 9.994384e-01
2.123717e+00 1.010362e+00
2.130000e+00 1.021286e+00
2.136283e+00 1.032208e+00
2.142566e+00 1.043126e+00
2.148849e+00 1.054037e+00
2.155133e+00 1.064939e+00
2.161416e+00 1.075831e+00
2.167699e+00 1.086710e+00
2.173982e+00 1.097575e+00
2.180265e+00 1.108422e+00
2.186548e+00 1.119251e+00
2.192832e+00 1.130059e+00
2.199115e+00 1.140844e+00
2.205398e+00 1.151605e+00
2.211681e+00 1.162339e+00
2.217964e+00 1.173045e+00
2.224248e+00 1.183721e+00
2.230531e+00 1.194366e+00
2.236814e+00 1.204976e+00
2.243097e+00 1.215552e+00
2.249380e+00 1.226091e+00
2.255664e+00 1.236591e+00
2.261947e+00 1.247051e+00
2.268230e+00 1.257469e+00
2.274513e+00 1.267844e+00
2.280796e+00 1.278174e+00
2.287079e+00 1.288458e+00
2.293363e+00 1.298695e+00
2.299646e+00 1.308882e+00
2.305929e+00 1.319019e+00
2.312212e+00 1.329104e+00
2.318495e+00 1.339136e+00
2.324779e+00 1.349114e+00
2.331062e+00 1.359036e+00
2.337345e+00 1.368901e+00
2.343628e+00 1.378708e+00
2.349911e+00 1.388456e+00
2.356194e+00 1.398143e+00
2.362478e+00 1.407770e+00
2.368761e+00 1.417333e+00
2.375044e+00 1.426833e+00
2.381327e+00 1.436269e+00
2.387610e+00 1.445639e+00
2.393894e+00 1.454942e+00
2.400177e+00 1.464179e+00
2.406460e+00 1.473347e+00
2.412743e+00 1.482446e+00
2.419026e+00 1.491474e+00
2.425310e+00 1.500433e+00
2.431593e+00 1.509319e+00
2.437876e+00 1.518134e+00
2.444159e+00 1.526875e+00
2.450442e+00 1.535543e+00
2.456725e+00 1.544136e+00
2.463009e+00 1.552654e+00
2.469292e+00 1.561097e+00
2.475575e+00 1.569464e+00
2.481858e+00 1.577754e+00
2.488141e+00 1.585966e+00
2.494425e+00 1.594101e+00
2.500708e+00 1.602158e+00
2.506991e+00 1.610135e+00
2.513274e+00 1.618034e+00
2.519557e+00 1.625853e+00
2.525840e+00 1.633592e+00
2.532124e+00 1.641251e+00
2.538407e+00 1.648829e+00
2.544690e+00 1.656326e+00
2.550973e+00 1.663742e+00
2.557256e+00 1.671076e+00
2.563540e+00 1.678328e+00
2.569823e+00 1.685498e+00
2.576106e+00 1.692586e+00
2.582389e+00 1.699591e+00
2.588672e+00 1.706514e+00
2.594956e+00 1.713354e+00
2.601239e+00 1.720110e+00
2.607522e+00 1.726784e+00
2.613805e+00 1.733374e+00
2.620088e+00 1.739881e+00
2.626371e+00 1.746304e+00
2.632655e+00 1.752644e+00
2.638938e+00 1.758901e+00
2.645221e+00 1.765073e+00
2.651504e+00 1.771163e+00
2.657787e+00 1.777168e+00
2.664071e+00 1.783090e+00
2.670354e+00 1.788929e+00
2.676637e+00 1.794683e+00
2.682920e+00 1.800355e+00
2.689203e+00 1.805943e+00
2.695486e+00 1.811447e+00
2.701770e+00 1.816869e+00
2.708053e+00 1.822207e+00
2.714336e+00 1.827462e+00
2.720619e+00 1.832634e+00
2.726902e+00 1.837723e+00
2.733186e+00 1.842729e+00
2.739469e+00 1.847653e+00
2.745752e+00 1.852495e+00
2.752035e+00 1.857254e+00
2.758318e+00 1.861931e+00
2.764602e+00 1.866526e+00
2.770885e+00 1.871040e+00
2.777168e+00 1.875472e+00
2.783451e+00 1.879822e+00
2.789734e+00 1.884091e+00
2.796017e+00 1.888280e+00
2.802301e+00 1.892387e+00
2.808584e+00 1.896414e+00
2.814867e+00 1.900361e+00
2.821150e+00 1.904227e+00
2.827433e+00 1.908013e+00
2.833717e+00 1.911720e+00
2.840000e+00 1.915347e+00
2.846283e+00 1.918895e+00
2.852566e+00 1.922364e+00
2.858849e+00 1.925754e+00
2.865133e+00 1.929066e+00
2.871416e+00 1.932299e+00
2.877699e+00 1.935453e+00
2.883982e+00 1.938530e+00
2.890265e+00 1.941530e+00
2.896548e+00 1.944452e+00
2.902832e+00 1.947296e+00
2.909115e+00 1.950064e+00
2.915398e+00 1.952754e+00
2.921681e+00 1.955368e+00
2.927964e+00 1.957906e+00
2.934248e+00 1.960368e+00
2.940531e+00 1.962753e+00
2.946814e+00 1.965063e+00
2.953097e+00 1.967298e+00
2.959380e+00 1.969457e+00
2.965663e+00 1.971541e+00
2.971947e+00 1.973549e+00
2.978230e+00 1.975484e+00
2.984513e+00 1.977343e+00
2.990796e+00 1.979128e+00
2.997079e+00 1.980839e+00
3.003363e+00 1.982476e+00
3.009646e+00 1.984039e+00
3.015929e+00 1.985528e+00
3.022212e+00 1.986943e+00
3.028495e+00 1.988285e+00
3.034779e+00 1.989554e+00
3.041062e+00 1.990750e+00
3.047345e+00 1.991872e+00
3.053628e+00 1.992921e+00
3.059911e+00 1.993898e+00
3.066194e+00 1.994802e+00
3.072478e+00 1.995633e+00
3.078761e+00 1.996392e+00
3.085044e+00 1.997078e+00
3.091327e+00 1.997691e+00
3.097610e+00 1.998233e+00
3.103894e+00 1.998702e+00
3.110177e+00 1.999099e+00
3.116460e+00 1.999423e+00
3.122743e+00 1.999676e+00
3.129026e+00 1.999856e+00
3.135309e+00 1.999964e+00
3.141593e+00 2.000000e+00
3.147876e+00 1.999964e+00
3.154159e+00 1.999856e+00
3.160442e+00 1.999676e+00
3.166725e+00 1.999423e+00
3.173009e+00 1.999099e+00
3.179292e+00 1.998702e+00
3.185575e+00 1.998233e+00
3.191858e+00 1.997691e+00
3.198141e+00 1.997078e+00
3.204425e+00 1.996392e+00
3.210708e+00 1.995633e+00
3.216991e+00 1.994802e+00
3.223274e+00 1.993898e+00
3.229557e+00 1.992921e+00
3.235840e+00 1.991872e+00
3.242124e+00 1.990750e+00
3.248407e+00 1.989554e+00
3.254690e+00 1.988285e+00
3.260973e+00 1.986943e+00
3.267256e+00 1.985528e+00
3.273540e+00 1.984039e+00
3.279823e+00 1.982476e+00
3.286106e+00 1.980839e+00
3.292389e+00 1.979128e+00
3.298672e+00 1.977343e+00
3.304955e+00 1.975484e+00
3.311239e+00 1.973549e+00
3.317522e+00 1.971541e+00
3.323805e+00 1.969457e+00
3.330088e+00 1.967298e+00
3.336371e+00 1.965063e+00
3.342655e+00 1.962753e+00
3.348938e+00 1.960368e+00
3.355221e+00 1.957906e+00
3.361504e+00 1.955368e+00
3.367787e+00 1.952754e+00
3.374071e+00 1.950064e+00
3.380354e+00 1.947296e+00
3.386637e+00 1.944452e+00
3.392920e+00 1.941530e+00
3.399203e+00 1.938530e+00
3.405486e+00 1.935453e+00
3.411770e+00 1.932299e+00
3.418053e+00 1.929066e+00
3.424336e+00 1.925754e+00
3.430619e+00 1.922364e+00
3.436902e+00 1.918895e+00
3.443186e+00 1.915347e+00
3.449469e+00 1.911720e+00
3.455752e+00 1.908013e+00
3.462035e+00 1.904227e+00
3.468318e+00 1.900361e+00
3.474601e+00 1.896414e+00
3.480885e+00 1.892387e+00
3.487168e+00 1.888280e+00
3.493451e+00 1.884091e+00
3.499734e+00 1.879822e+00
3.506017e+00 1.875472e+00
3.512301e+00 1.871040e+00
3.518584e+00 1.866526e+00
3.524867e+00 1.861931e+00
3.531150e+00 1.857254e+00
3.537433e+00 1.852495e+00
3.543717e+00 1.847653e+00
3.550000e+00 1.842729e+00
3.556283e+00 1.837723e+00
3.562566e+00 1.832634e+00
3.568849e+00 1.827462e+00
3.575132e+00 1.822207e+00
3.581416e+00 1.816869e+00
3.587699e+00 1.811447e+00
3.593982e+00 1.805943e+00
3.600265e+00 1.800355e+00
3.606548e+00 1.794683e+00
3.612832e+00 1.788929e+00
3.619115e+00 1.783090e+00
3.625398e+00 1.777168e+00
3.631681e+00 1.771163e+00
3.637964e+00 1.765073e+00
3.644247e+00 1.758901e+00
3.650531e+00 1.752644e+00
3.656814e+00 1.746304e+00
3.663097e+00 1.739881e+00
3.669380e+00 1.733374e+00
3.675663e+00 1.726784e+00
3.681947e+00 1.720110e+00
3.688230e+00 1.713354e+00
3.694513e+00 1.706514e+00
3.700796e+00 1.699591e+00
3.707079e+00 1.692586e+00
3.713363e+00 1.685498e+00
3.719646e+00 1.678328e+00
3.725929e+00 1.671076e+00
3.732212e+00 1.663742e+00
3.738495e+00 1.656326e+00
3.744778e+00 1.648829e+00
3.751062e+00 1.641251e+00
3.757345e+00 1.633592e+00
3.763628e+00 1.625853e+00
3.769911e+00 1.618034e+00
3.776194e+00 1.610135e+00
3.782478e+00 1.602158e+00
3.788761e+00 1.594101e+00
3.795044e+00 1.585966e+00
3.801327e+00 1.577754e+00
3.807610e+00 1.569464e+00
3.813893e+00 1.561097e+00
3.820177e+00 1.552654e+00
3.826460e+00 1.544136e+00
3.832743e+00 1.535543e+00
3.839026e+00 1.526875e+00
3.845309e+00 1.518134e+00
3.851593e+00 1.509319e+00
3.857876e+00 1.500433e+00
3.864159e+00 1.491474e+00
3.870442e+00 1.482446e+00
3.876725e+00 1.473347e+00
3.883009e+00 1.464179e+00
3.889292e+00 1.454942e+00
3.895575e+00 1.445639e+00
3.901858e+00 1.436269e+00
3.908141e+00 1.426833e+00
3.914424e+00 1.417333e+00
3.920708e+00 1.407770e+00
3.926991e+00 1.398143e+00
3.933274e+00 1.388456e+00
3.939557e+00 1.378708e+00
3.945840e+00 1.368901e+00
3.952124e+00 1.359036e+00
3.958407e+00 1.349114e+00
3.964690e+00 1.339136e+00
3.970973e+00 1.329104e+00
3.977256e+00 1.319019e+00
3.983539e+00 1.308882e+00
3.989823e+00 1.298695e+00
3.996106e+00 1.288458e+00
4.002389e+00 1.278174e+00
4.008672e+00 1.267844e+00
4.014955e+00 1.257469e+00
4.021239e+00 1.247051e+00
4.027522e+00 1.236591e+00
4.033805e+00 1.226091e+00
4.040088e+00 1.215552e+00
4.046371e+00 1.204976e+00
4.052655e+00 1.194366e+00
4.058938e+00 1.183721e+00
4.065221e+00 1.173045e+00
4.071504e+00 1.162339e+00
4.077787e+00 1.151605e+00
4.084070e+00 1.140844e+00
4.090354e+00 1.130059e+00
4.096637e+00 1.119251e+00
4.102920e+00 1.108422e+00
4.109203e+00 1.097575e+00
4.115486e+00 1.086710e+00
4.121770e+00 1.075831e+00
4.128053e+00 1.064939e+00
4.134336e+00 1.054037e+00
4.140619e+00 1.043126e+00
4.146902e+00 1.032208e+00
4.153185e+00 1.021286e+00
4.159469e+00 1.010362e+00
4.165752e+00 9.994384e-01
4.172035e+00 9.885170e-01
4.178318e+00 9.776003e-01
4.184601e+00 9.666906e-01
4.190885e+00 9.557902e-01
4.197168e+00 9.449015e-01
4.203451e+00 9.340268e-01
4.209734e+00 9.231687e-01
4.216017e+00 9.123295e-01
4.222301e+00 9.015117e-01
4.228584e+00 8.907178e-01
4.234867e+00 8.799504e-01
4.241150e+00 8.692119e-01
4.247433e+00 8.585049e-01
4.253716e+00 8.478321e-01
4.260000e+00 8.371961e-01
4.266283e+00 8.265994e-01
4.272566e+00 8.160447e-01
4.278849e+00 8.055348e-01
4.285132e+00 7.950723e-01
4.291416e+00 7.846599e-01
4.297699e+00 7.743004e-01
4.303982e+00 7.639965e-01
4.310265e+00 7.537511e-01
4.316548e+00 7.435668e-01
4.322831e+00 7.334465e-01
4.329115e+00 7.233930e-01
4.335398e+00 7.134092e-01
4.341681e+00 7.034978e-01
4.347964e+00 6.936619e-01
4.354247e+00 6.839041e-01
4.360531e+00 6.742275e-01
4.366814e+00 6.646349e-01
4.373097e+00 6.551292e-01
4.379380e+00 6.457133e-01
4.385663e+00 6.363902e-01
4.391947e+00 6.271628e-01
4.398230e+00 6.180340e-01
4.404513e+00 6.090067e-01
4.410796e+00 6.000839e-01
4.417079e+00 5.912686e-01
4.423362e+00 5.825636e-01
4.429646e+00 5.739720e-01
4.435929e+00 5.654966e-01
4.442212e+00 5.571405e-01
4.448495e+00 5.489065e-01
4.454778e+00 5.407975e-01
4.461062e+00 5.328166e-01
4.467345e+00 5.249667e-01
4.473628e+00 5.172506e-01
4.479911e+00 5.096713e-01
4.486194e+00 5.022317e-01
4.492477e+00 4.949346e-01
4.498761e+00 4.877830e-01
4.505044e+00 4.807797e-01
4.511327e+00 4.739276e-01
4.517610e+00 4.672294e-01
4.523893e+00 4.606880e-01
4.530177e+00 4.543063e-01
4.536460e+00 4.480869e-01
4.542743e+00 4.420326e-01
4.549026e+00 4.361462e-01
4.555309e+00 4.304304e-01
4.561593e+00 4.248878e-01
4.567876e+00 4.195212e-01
4.574159e+00 4.143331e-01
4.580442e+00 4.093261e-01
4.586725e+00 4.045028e-01
4.593008e+00 3.998658e-01
4.599292e+00 3.954175e-01
4.605575e+00 3.911604e-01
4.611858e+00 3.870969e-01
4.618141e+00 3.832295e-01
4.624424e+00 3.795604e-01
4.630708e+00 3.760920e-01
4.636991e+00 3.728266e-01
4.643274e+00 3.697663e-01
4.649557e+00 3.669134e-01
4.655840e+00 3.642699e-01
4.662123e+00 3.618380e-01
4.668407e+00 3.596197e-01
4.674690e+00 3.576169e-01
4.680973e+00 3.558315e-01
4.687256e+00 3.542655e-01
4.693539e+00 3.529207e-01
4.699823e+00 3.517987e-01
4.706106e+00 3.509013e-01
4.712389e+00 3.502301e-01
4.718672e+00 3.497867e-01
4.724955e+00 3.495726e-01
4.731239e+00 3.495892e-01
4.737522e+00 3.498378e-01
4.743805e+00 3.503198e-01
4.750088e+00 3.510364e-01
4.756371e+00 3.519887e-01
4.762654e+00 3.531779e-01
4.768938e+00 3.546048e-01
4.775221e+00 3.562706e-01
4.781504e+00 3.581758e-01
4.787787e+00 3.603215e-01
4.794070e+00 3.627081e-01
4.800354e+00 3.653364e-01
4.806637e+00 3.682068e-01
4.812920e+00 3.713198e-01
4.819203e+00 3.746757e-01
4.825486e+00 3.782747e-01
4.831770e+00 3.821170e-01
4.838053e+00 3.862026e-01
4.844336e+00 3.905316e-01
4.850619e+00 3.951038e-01
4.856902e+00 3.999189e-01
4.863185e+00 4.049766e-01
4.869469e+00 4.102766e-01
4.875752e+00 4.158182e-01
4.882035e+00 4.216009e-01
4.888318e+00 4.276239e-01
4.894601e+00 4.338864e-01
4.900885e+00 4.403873e-01
4.907168e+00 4.471258e-01
4.913451e+00 4.541005e-01
4.919734e+00 4.613103e-01
4.926017e+00 4.687537e-01
4.932300e+00 4.764292e-01
4.938584e+00 4.843352e-01
4.944867e+00 4.924700e-01
4.951150e+00 5.008317e-01
4.957433e+00 5.094184e-01
4.963716e+00 5.182279e-01
4.970000e+00 5.272580e-01
4.976283e+00 5.365065e-01
4.982566e+00 5.459709e-01
4.988849e+00 5.556486e-01
4.995132e+00 5.655368e-01
5.001416e+00 5.756329e-01
5.007699e+00 5.859337e-01
5.013982e+00 5.964364e-01
5.020265e+00 6.071376e-01
5.026548e+00 6.180340e-01
5.032831e+00 6.291222e-01
5.039115e+00 6.403986e-01
5.045398e+00 6.518595e-01
5.051681e+00 6.635010e-01
5.057964e+00 6.753191e-01
5.064247e+00 6.873099e-01
5.070531e+00 6.994690e-01
5.076814e+00 7.117920e-01
5.083097e+00 7.242745e-01
5.089380e+00 7.369119e-01
5.095663e+00 7.496993e-01
5.101946e+00 7.626320e-01
5.108230e+00 7.757049e-01
5.114513e+00 7.889128e-01
5.120796e+00 8.022505e-01
5.127079e+00 8.157125e-01
5.133362e+00 8.292934e-01
5.139646e+00 8.429874e-01
5.145929e+00 8.567888e-01
5.152212e+00 8.706916e-01
5.158495e+00 8.846898e-01
5.164778e+00 8.987772e-01
5.171062e+00 9.129475e-01
5.177345e+00 9.271943e-01
5.183628e+00 9.415111e-01
5.189911e+00 9.558911e-01
5.196194e+00 9.703275e-01
5.202477e+00 9.848136e-01
5.208761e+00 9.993421e-01
5.215044e+00 1.013906e+00
5.221327e+00 1.028498e+00
5.227610e+00 1.043111e+00
5.233893e+00 1.057737e+00
5.240177e+00 1.072368e+00
5.246460e+00 1.086998e+00
5.252743e+00 1.101618e+00
5.259026e+00 1.116220e+00
5.265309e+00 1.130796e+00
5.271592e+00 1.145338e+00
5.277876e+00 1.159838e+00
5.284159e+00 1.174288e+00
5.290442e+00 1.188679e+00
5.296725e+00 1.203002e+00
5.303008e+00 1.217250e+00
5.309292e+00 1.231413e+00
5.315575e+00 1.245483e+00
5.321858e+00 1.259451e+00
5.328141e+00 1.273309e+00
5.334424e+00 1.287046e+00
5.340708e+00 1.300655e+00
5.346991e+00 1.314125e+00
5.353274e+00 1.327449e+00
5.359557e+00 1.340617e+00
5.365840e+00 1.353620e+00
5.372123e+00 1.366448e+00
5.378407e+00 1.379092e+00
5.384690e+00 1.391543e+00
5.390973e+00 1.403792e+00
5.397256e+00 1.415830e+00
5.403539e+00 1.427646e+00
5.409823e+00 1.439232e+00
5.416106e+00 1.450578e+00
5.422389e+00 1.461675e+00
5.428672e+00 1.472514e+00
5.434955e+00 1.483085e+00
5.441238e+00 1.493379e+00
5.447522e+00 1.503387e+00
5.453805e+00 1.513099e+00
5.460088e+00 1.522506e+00
5.466371e+00 1.531600e+00
5.472654e+00 1.540371e+00
5.478938e+00 1.548810e+00
5.485221e+00 1.556909e+00
5.491504e+00 1.564658e+00
5.497787e+00 1.572048e+00
5.504070e+00 1.579072e+00
5.510354e+00 1.585721e+00
5.516637e+00 1.591985e+00
5.522920e+00 1.597858e+00
5.529203e+00 1.603331e+00
5.535486e+00 1.608396e+00
5.541769e+00 1.613045e+00
5.548053e+00 1.617270e+00
5.554336e+00 1.621065e+00
5.560619e+00 1.624421e+00
5.566902e+00 1.627333e+00
5.573185e+00 1.629793e+00
5.579469e+00 1.631794e+00
5.585752e+00 1.633330e+00
5.592035e+00 1.634396e+00
5.598318e+00 1.634985e+00
5.604601e+00 1.635092e+00
5.610884e+00 1.634712e+00
5.617168e+00 1.633839e+00
5.623451e+00 1.632470e+00
5.629734e+00 1.630599e+00
5.636017e+00 1.628224e+00
5.642300e+00 1.625340e+00
5.648584e+00 1.621944e+00
5.654867e+00 1.618034e+00
5.661150e+00 1.613607e+00
5.667433e+00 1.608662e+00
5.673716e+00 1.603196e+00
5.680000e+00 1.597210e+00
5.686283e+00 1.590702e+00
5.692566e+00 1.583672e+00
5.698849e+00 1.576122e+00
5.705132e+00 1.568051e+00
5.711415e+00 1.559462e+00
5.717699e+00 1.550357e+00
5.723982e+00 1.540738e+00
5.730265e+00 1.530609e+00
5.736548e+00 1.519974e+00
5.742831e+00 1.508838e+00
5.749115e+00 1.497205e+00
5.755398e+00 1.485083e+00
5.761681e+00 1.472477e+00
5.767964e+00 1.459396e+00
5.774247e+00 1.445847e+00
5.780530e+00 1.431839e+00
5.786814e+00 1.417383e+00
5.793097e+00 1.402489e+00
5.799380e+00 1.387169e+00
5.805663e+00 1.371434e+00
5.811946e+00 1.355299e+00
5.818230e+00 1.338778e+00
5.824513e+00 1.321885e+00
5.830796e+00 1.304638e+00
5.837079e+00 1.287053e+00
5.843362e+00 1.269149e+00
5.849646e+00 1.250944e+00
5.855929e+00 1.232460e+00
5.862212e+00 1.213718e+00
5.868495e+00 1.194741e+00
5.874778e+00 1.175552e+00
5.881061e+00 1.156177e+00
5.887345e+00 1.136642e+00
5.893628e+00 1.116974e+00
5.899911e+00 1.097204e+00
5.906194e+00 1.077360e+00
5.912477e+00 1.057476e+00
5.918761e+00 1.037583e+00
5.925044e+00 1.017716e+00
5.931327e+00 9.979120e-01
5.937610e+00 9.782080e-01
5.943893e+00 9.586430e-01
5.950176e+00 9.392578e-01
5.956460e+00 9.200947e-01
5.962743e+00 9.011977e-01
5.969026e+00 8.826124e-01
5.975309e+00 8.643864e-01
5.981592e+00 8.465689e-01
5.987876e+00 8.292108e-01
5.994159e+00 8.123650e-01
6.000442e+00 7.960865e-01
6.006725e+00 7.804318e-01
6.013008e+00 7.654598e-01
6.019292e+00 7.512313e-01
6.025575e+00 7.378090e-01
6.031858e+00 7.252580e-01
6.038141e+00 7.136454e-01
6.044424e+00 7.030406e-01
6.050707e+00 6.935152e-01
6.056991e+00 6.851430e-01
6.063274e+00 6.780004e-01
6.069557e+00 6.721661e-01
6.075840e+00 6.677212e-01
6.082123e+00 6.647493e-01
6.088407e+00 6.633367e-01
6.094690e+00 6.635722e-01
6.100973e+00 6.655472e-01
6.107256e+00 6.693560e-01
6.113539e+00 6.750955e-01
6.119822e+00 6.828654e-01
6.126106e+00 6.927686e-01
6.132389e+00 7.049104e-01
6.138672e+00 7.193996e-01
6.144955e+00 7.363478e-01
6.151238e+00 7.558698e-01
6.157522e+00 7.780834e-01
6.163805e+00 8.031099e-01
6.170088e+00 8.310737e-01
6.176371e+00 8.621026e-01
6.182654e+00 8.963278e-01
6.188938e+00 9.338842e-01
6.195221e+00 9.749098e-01
6.201504e+00 1.019547e+00
6.207787e+00 1.067940e+00
6.214070e+00 1.120240e+00
6.220353e+00 1.176599e+00
6.226637e+00 1.237174e+00
6.232920e+00 1.302126e+00
6.239203e+00 1.371620e+00
6.245486e+00 1.445826e+00
6.251769e+00 1.524916e+00
6.258053e+00 1.609068e+00
6.264336e+00 1.698464e+00
6.270619e+00 1.793290e+00
6.276902e+00 1.893737e+00
6.283185e+00 2.000000e+00
1.019501e+00