0.000000e+00
6.244507e+00
5.940772e+00
5.363034e+00
4.567846e+00
3.633046e+00
2.650139e+00
1.715339e+00
9.201512e-01
3.424131e-01
3.867822e-02
0.000000e+00 2.000000e+00
6.283185e-03 1.999961e+00
1.256637e-02 1.999842e+00
1.884956e-02 1.999645e+00
2.513274e-02 1.999368e+00
3.141593e-02 1.999013e+00
3.769911e-02 1.998579e+00
4.398230e-02 1.998066e+00
5.026548e-02 1.997474e+00
5.654867e-02 1.996803e+00
6.283185e-02 1.996054e+00
6.911504e-02 1.995225e+00
7.539822e-02 1.994318e+00
8.168141e-02 1.993332e+00
8.796459e-02 1.992267e+00
9.424778e-02 1.991124e+00
1.005310e-01 1.989902e+00
1.068142e-01 1.988602e+00
1.130973e-01 1.987223e+00
1.193805e-01 1.985766e+00
1.256637e-01 1.984230e+00
1.319469e-01 1.982616e+00
1.382301e-01 1.980923e+00
1.445133e-01 1.979153e+00
1.507964e-01 1.977304e+00
1.570796e-01 1.975377e+00
1.633628e-01 1.973372e+00
1.696460e-01 1.971290e+00
1.759292e-01 1.969129e+00
1.822124e-01 1.966891e+00
1.884956e-01 1.964575e+00
1.947787e-01 1.962182e+00
2.010619e-01 1.959711e+00
2.073451e-01 1.957162e+00
2.136283e-01 1.954537e+00
2.199115e-01 1.951834e+00
2.261947e-01 1.949054e+00
2.324779e-01 1.946198e+00
2.387610e-01 1.943264e+00
2.450442e-01 1.940254e+00
2.513274e-01 1.937167e+00
2.576106e-01 1.934004e+00
2.638938e-01 1.930764e+00
2.701770e-01 1.927448e+00
2.764602e-01 1.924056e+00
2.827433e-01 1.920588e+00
2.890265e-01 1.917044e+00
2.953097e-01 1.913424e+00
3.015929e-01 1.909729e+00
3.078761e-01 1.905959e+00
3.141593e-01 1.902113e+00
3.204425e-01 1.898192e+00
3.267256e-01 1.894197e+00
3.330088e-01 1.890126e+00
3.392920e-01 1.885981e+00
3.455752e-01 1.881762e+00
3.518584e-01 1.877468e+00
3.581416e-01 1.873100e+00
3.644247e-01 1.868658e+00
3.707079e-01 1.864142e+00
3.769911e-01 1.859553e+00
3.832743e-01 1.854890e+00
3.895575e-01 1.850154e+00
3.958407e-01 1.845345e+00
4.021239e-01 1.840463e+00
4.084070e-01 1.835509e+00
4.146902e-01 1.830482e+00
4.209734e-01 1.825382e+00
4.272566e-01 1.820211e+00
4.335398e-01 1.814968e+00
4.398230e-01 1.809653e+00
4.461062e-01 1.804267e+00
4.523893e-01 1.798809e+00
4.586725e-01 1.793281e+00
4.649557e-01 1.787682e+00
4.712389e-01 1.782012e+00
4.775221e-01 1.776272e+00
4.838053e-01 1.770461e+00
4.900885e-01 1.764581e+00
4.963716e-01 1.758631e+00
5.026548e-01 1.752612e+00
5.089380e-01 1.746523e+00
5.152212e-01 1.740366e+00
5.215044e-01 1.734140e+00
5.277876e-01 1.727845e+00
5.340708e-01 1.721482e+00
5.403539e-01 1.715052e+00
5.466371e-01 1.708553e+00
5.529203e-01 1.701987e+00
5.592035e-01 1.695354e+00
5.654867e-01 1.688654e+00
5.717699e-01 1.681887e+00
5.780530e-01 1.675054e+00
5.843362e-01 1.668155e+00
5.906194e-01 1.661190e+00
5.969026e-01 1.654159e+00
6.031858e-01 1.647063e+00
6.094690e-01 1.639902e+00
6.157522e-01 1.632676e+00
6.220353e-01 1.625386e+00
6.283185e-01 1.618032e+00
6.346017e-01 1.610614e+00
6.408849e-01 1.603132e+00
6.471681e-01 1.595587e+00
6.534513e-01 1.587979e+00
6.597345e-01 1.580308e+00
6.660176e-01 1.572575e+00
6.723008e-01 1.564779e+00
6.785840e-01 1.556922e+00
6.848672e-01 1.549004e+00
6.911504e-01 1.541024e+00
6.974336e-01 1.532984e+00
7.037168e-01 1.524883e+00
7.099999e-01 1.516722e+00
7.162831e-01 1.508501e+00
7.225663e-01 1.500220e+00
7.288495e-01 1.491880e+00
7.351327e-01 1.483482e+00
7.414159e-01 1.475024e+00
7.476991e-01 1.466509e+00
7.539822e-01 1.457935e+00
7.602654e-01 1.449305e+00
7.665486e-01 1.440616e+00
7.728318e-01 1.431871e+00
7.791150e-01 1.423070e+00
7.853982e-01 1.414212e+00
7.916813e-01 1.405298e+00
7.979645e-01 1.396329e+00
8.042477e-01 1.387305e+00
8.105309e-01 1.378226e+00
8.168141e-01 1.369093e+00
8.230973e-01 1.359906e+00
8.293805e-01 1.350664e+00
8.356636e-01 1.341370e+00
8.419468e-01 1.332023e+00
8.482300e-01 1.322623e+00
8.545132e-01 1.313171e+00
8.607964e-01 1.303667e+00
8.670796e-01 1.294111e+00
8.733628e-01 1.284505e+00
8.796459e-01 1.274847e+00
8.859291e-01 1.265140e+00
8.922123e-01 1.255382e+00
8.984955e-01 1.245575e+00
9.047787e-01 1.235719e+00
9.110619e-01 1.225814e+00
9.173451e-01 1.215861e+00
9.236282e-01 1.205859e+00
9.299114e-01 1.195810e+00
9.361946e-01 1.185714e+00
9.424778e-01 1.175571e+00
9.487610e-01 1.165381e+00
9.550442e-01 1.155146e+00
9.613274e-01 1.144865e+00
9.676105e-01 1.134539e+00
9.738937e-01 1.124168e+00
9.801769e-01 1.113752e+00
9.864601e-01 1.103293e+00
9.927433e-01 1.092790e+00
9.990265e-01 1.082244e+00
1.005310e+00 1.071655e+00
1.011593e+00 1.061024e+00
1.017876e+00 1.050351e+00
1.024159e+00 1.039636e+00
1.030442e+00 1.028881e+00
1.036726e+00 1.018084e+00
1.043009e+00 1.007248e+00
1.049292e+00 9.963720e-01
1.055575e+00 9.854566e-01
1.061858e+00 9.745022e-01
1.068142e+00 9.635094e-01
1.074425e+00 9.524786e-01
1.080708e+00 9.414101e-01
1.086991e+00 9.303045e-01
1.093274e+00 9.191621e-01
1.099557e+00 9.079835e-01
1.105841e+00 8.967690e-01
1.112124e+00 8.855191e-01
1.118407e+00 8.742342e-01
1.124690e+00 8.629149e-01
1.130973e+00 8.515614e-01
1.137257e+00 8.401744e-01
1.143540e+00 8.287541e-01
1.149823e+00 8.173012e-01
1.156106e+00 8.058160e-01
1.162389e+00 7.942989e-01
1.168672e+00 7.827506e-01
1.174956e+00 7.711713e-01
1.181239e+00 7.595615e-01
1.187522e+00 7.479218e-01
1.193805e+00 7.362526e-01
1.200088e+00 7.245542e-01
1.206372e+00 7.128273e-01
1.212655e+00 7.010722e-01
1.218938e+00 6.892895e-01
1.225221e+00 6.774795e-01
1.231504e+00 6.656428e-01
1.237788e+00 6.537798e-01
1.244071e+00 6.418910e-01
1.250354e+00 6.299769e-01
1.256637e+00 6.180378e-01
1.262920e+00 6.060744e-01
1.269203e+00 5.940871e-01
1.275487e+00 5.820763e-01
1.281770e+00 5.700425e-01
1.288053e+00 5.579862e-01
1.294336e+00 5.459079e-01
1.300619e+00 5.338080e-01
1.306903e+00 5.216870e-01
1.313186e+00 5.095455e-01
1.319469e+00 4.973838e-01
1.325752e+00 4.852025e-01
1.332035e+00 4.730020e-01
1.338318e+00 4.607829e-01
1.344602e+00 4.485456e-01
1.350885e+00 4.362905e-01
1.357168e+00 4.240182e-01
1.363451e+00 4.117292e-01
1.369734e+00 3.994240e-01
1.376018e+00 3.871029e-01
1.382301e+00 3.747666e-01
1.388584e+00 3.624155e-01
1.394867e+00 3.500500e-01
1.401150e+00 3.376708e-01
1.407434e+00 3.252782e-01
1.413717e+00 3.128728e-01
1.420000e+00 3.004550e-01
1.426283e+00 2.880253e-01
1.432566e+00 2.755843e-01
1.438849e+00 2.631324e-01
1.445133e+00 2.506701e-01
1.451416e+00 2.381979e-01
1.457699e+00 2.257163e-01
1.463982e+00 2.132258e-01
1.470265e+00 2.007269e-01
1.476549e+00 1.882200e-01
1.482832e+00 1.757057e-01
1.489115e+00 1.631845e-01
1.495398e+00 1.506568e-01
1.501681e+00 1.381232e-01
1.507964e+00 1.255841e-01
1.514248e+00 1.130401e-01
1.520531e+00 1.004916e-01
1.526814e+00 8.793910e-02
1.533097e+00 7.538315e-02
1.539380e+00 6.282423e-02
1.545664e+00 5.026282e-02
1.551947e+00 3.769943e-02
1.558230e+00 2.513455e-02
1.564513e+00 1.256868e-02
1.570796e+00 2.302348e-06
1.577080e+00 -1.256407e-02
1.583363e+00 -2.512995e-02
1.589646e+00 -3.769484e-02
1.595929e+00 -5.025824e-02
1.602212e+00 -6.281966e-02
1.608495e+00 -7.537860e-02
1.614779e+00 -8.793457e-02
1.621062e+00 -1.004871e-01
1.627345e+00 -1.130356e-01
1.633628e+00 -1.255797e-01
1.639911e+00 -1.381188e-01
1.646195e+00 -1.506524e-01
1.652478e+00 -1.631802e-01
1.658761e+00 -1.757014e-01
1.665044e+00 -1.882158e-01
1.671327e+00 -2.007227e-01
1.677610e+00 -2.132217e-01
1.683894e+00 -2.257122e-01
1.690177e+00 -2.381939e-01
1.696460e+00 -2.506661e-01
1.702743e+00 -2.631285e-01
1.709026e+00 -2.755805e-01
1.715310e+00 -2.880216e-01
1.721593e+00 -3.004513e-01
1.727876e+00 -3.128691e-01
1.734159e+00 -3.252747e-01
1.740442e+00 -3.376673e-01
1.746726e+00 -3.500467e-01
1.753009e+00 -3.624122e-01
1.759292e+00 -3.747634e-01
1.765575e+00 -3.870998e-01
1.771858e+00 -3.994210e-01
1.778141e+00 -4.117263e-01
1.784425e+00 -4.240154e-01
1.790708e+00 -4.362878e-01
1.796991e+00 -4.485430e-01
1.803274e+00 -4.607804e-01
1.809557e+00 -4.729997e-01
1.815841e+00 -4.852002e-01
1.822124e+00 -4.973816e-01
1.828407e+00 -5.095434e-01
1.834690e+00 -5.216851e-01
1.840973e+00 -5.338062e-01
1.847256e+00 -5.459062e-01
1.853540e+00 -5.579846e-01
1.859823e+00 -5.700410e-01
1.866106e+00 -5.820749e-01
1.872389e+00 -5.940859e-01
1.878672e+00 -6.060734e-01
1.884956e+00 -6.180369e-01
1.891239e+00 -6.299761e-01
1.897522e+00 -6.418903e-01
1.903805e+00 -6.537793e-01
1.910088e+00 -6.656424e-01
1.916372e+00 -6.774792e-01
1.922655e+00 -6.892893e-01
1.928938e+00 -7.010722e-01
1.935221e+00 -7.128274e-01
1.941504e+00 -7.245545e-01
1.947787e+00 -7.362529e-01
1.954071e+00 -7.479223e-01
1.960354e+00 -7.595622e-01
1.966637e+00 -7.711721e-01
1.972920e+00 -7.827515e-01
1.979203e+00 -7.943000e-01
1.985487e+00 -8.058172e-01
1.991770e+00 -8.173026e-01
1.998053e+00 -8.287556e-01
2.004336e+00 -8.401760e-01
2.010619e+00 -8.515632e-01
2.016902e+00 -8.629168e-01
2.023186e+00 -8.742363e-01
2.029469e+00 -8.855213e-01
2.035752e+00 -8.967713e-01
2.042035e+00 -9.079859e-01
2.048318e+00 -9.191647e-01
2.054602e+00 -9.303072e-01
2.060885e+00 -9.414129e-01
2.067168e+00 -9.524815e-01
2.073451e+00 -9.635125e-01
2.079734e+00 -9.745055e-01
2.086018e+00 -9.854600e-01
2.092301e+00 -9.963755e-01
2.098584e+00 -1.007252e+00
2.104867e+00 -1.018088e+00
2.111150e+00 -1.028884e+00
2.117433e+00 -1.039640e+00
2.123717e+00 -1.050355e+00
2.130000e+00 -1.061028e+00
2.136283e+00 -1.071659e+00
2.142566e+00 -1.082248e+00
2.148849e+00 -1.092794e+00
2.155133e+00 -1.103297e+00
2.161416e+00 -1.113757e+00
2.167699e+00 -1.124172e+00
2.173982e+00 -1.134544e+00
2.180265e+00 -1.144870e+00
2.186548e+00 -1.155151e+00
2.192832e+00 -1.165387e+00
2.199115e+00 -1.175576e+00
2.205398e+00 -1.185719e+00
2.211681e+00 -1.195816e+00
2.217964e+00 -1.205865e+00
2.224248e+00 -1.215866e+00
2.230531e+00 -1.225820e+00
2.236814e+00 -1.235725e+00
2.243097e+00 -1.245581e+00
2.249380e+00 -1.255388e+00
2.255664e+00 -1.265146e+00
2.261947e+00 -1.274853e+00
2.268230e+00 -1.284511e+00
2.274513e+00 -1.294117e+00
2.280796e+00 -1.303673e+00
2.287079e+00 -1.313177e+00
2.293363e+00 -1.322629e+00
2.299646e+00 -1.332029e+00
2.305929e+00 -1.341376e+00
2.312212e+00 -1.350671e+00
2.318495e+00 -1.359912e+00
2.324779e+00 -1.369099e+00
2.331062e+00 -1.378233e+00
2.337345e+00 -1.387312e+00
2.343628e+00 -1.396336e+00
2.349911e+00 -1.405305e+00
2.356194e+00 -1.414218e+00
2.362478e+00 -1.423076e+00
2.368761e+00 -1.431878e+00
2.375044e+00 -1.440623e+00
2.381327e+00 -1.449311e+00
2.387610e+00 -1.457942e+00
2.393894e+00 -1.466515e+00
2.400177e+00 -1.475030e+00
2.406460e+00 -1.483488e+00
2.412743e+00 -1.491886e+00
2.419026e+00 -1.500226e+00
2.425310e+00 -1.508507e+00
2.431593e+00 -1.516728e+00
2.437876e+00 -1.524889e+00
2.444159e+00 -1.532990e+00
2.450442e+00 -1.541030e+00
2.456725e+00 -1.549010e+00
2.463009e+00 -1.556928e+00
2.469292e+00 -1.564785e+00
2.475575e+00 -1.572580e+00
2.481858e+00 -1.580313e+00
2.488141e+00 -1.587984e+00
2.494425e+00 -1.595592e+00
2.500708e+00 -1.603137e+00
2.506991e+00 -1.610618e+00
2.513274e+00 -1.618037e+00
2.519557e+00 -1.625391e+00
2.525840e+00 -1.632681e+00
2.532124e+00 -1.639906e+00
2.538407e+00 -1.647067e+00
2.544690e+00 -1.654163e+00
2.550973e+00 -1.661194e+00
2.557256e+00 -1.668159e+00
2.563540e+00 -1.675058e+00
2.569823e+00 -1.681891e+00
2.576106e+00 -1.688657e+00
2.582389e+00 -1.695357e+00
2.588672e+00 -1.701990e+00
2.594956e+00 -1.708556e+00
2.601239e+00 -1.715054e+00
2.607522e+00 -1.721485e+00
2.613805e+00 -1.727848e+00
2.620088e+00 -1.734142e+00
2.626371e+00 -1.740368e+00
2.632655e+00 -1.746525e+00
2.638938e+00 -1.752614e+00
2.645221e+00 -1.758633e+00
2.651504e+00 -1.764582e+00
2.657787e+00 -1.770462e+00
2.664071e+00 -1.776273e+00
2.670354e+00 -1.782013e+00
2.676637e+00 -1.787682e+00
2.682920e+00 -1.793281e+00
2.689203e+00 -1.798810e+00
2.695486e+00 -1.804267e+00
2.701770e+00 -1.809653e+00
2.708053e+00 -1.814968e+00
2.714336e+00 -1.820211e+00
2.720619e+00 -1.825382e+00
2.726902e+00 -1.830481e+00
2.733186e+00 -1.835508e+00
2.739469e+00 -1.840462e+00
2.745752e+00 -1.845344e+00
2.752035e+00 -1.850152e+00
2.758318e+00 -1.854888e+00
2.764602e+00 -1.859551e+00
2.770885e+00 -1.864140e+00
2.777168e+00 -1.868655e+00
2.783451e+00 -1.873097e+00
2.789734e+00 -1.877465e+00
2.796017e+00 -1.881759e+00
2.802301e+00 -1.885978e+00
2.808584e+00 -1.890123e+00
2.814867e+00 -1.894194e+00
2.821150e+00 -1.898189e+00
2.827433e+00 -1.902110e+00
2.833717e+00 -1.905955e+00
2.840000e+00 -1.909726e+00
2.846283e+00 -1.913420e+00
2.852566e+00 -1.917040e+00
2.858849e+00 -1.920584e+00
2.865133e+00 -1.924051e+00
2.871416e+00 -1.927443e+00
2.877699e+00 -1.930759e+00
2.883982e+00 -1.933999e+00
2.890265e+00 -1.937162e+00
2.896548e+00 -1.940249e+00
2.902832e+00 -1.943259e+00
2.909115e+00 -1.946192e+00
2.915398e+00 -1.949049e+00
2.921681e+00 -1.951829e+00
2.927964e+00 -1.954531e+00
2.934248e+00 -1.957157e+00
2.940531e+00 -1.959705e+00
2.946814e+00 -1.962176e+00
2.953097e+00 -1.964569e+00
2.959380e+00 -1.966885e+00
2.965663e+00 -1.969123e+00
2.971947e+00 -1.971284e+00
2.978230e+00 -1.973367e+00
2.984513e+00 -1.975371e+00
2.990796e+00 -1.977298e+00
2.997079e+00 -1.979147e+00
3.003363e+00 -1.980917e+00
3.009646e+00 -1.982610e+00
3.015929e+00 -1.984224e+00
3.022212e+00 -1.985759e+00
3.028495e+00 -1.987217e+00
3.034779e+00 -1.988596e+00
3.041062e+00 -1.989896e+00
3.047345e+00 -1.991118e+00
3.053628e+00 -1.992261e+00
3.059911e+00 -1.993326e+00
3.066194e+00 -1.994312e+00
3.072478e+00 -1.995219e+00
3.078761e+00 -1.996047e+00
3.085044e+00 -1.996797e+00
3.091327e+00 -1.997468e+00
3.097610e+00 -1.998060e+00
3.103894e+00 -1.998573e+00
3.110177e+00 -1.999007e+00
3.116460e+00 -1.999362e+00
3.122743e+00 -1.999638e+00
3.129026e+00 -1.999836e+00
3.135309e+00 -1.999954e+00
3.141593e+00 -1.999994e+00
3.147876e+00 -1.999954e+00
3.154159e+00 -1.999836e+00
3.160442e+00 -1.999638e+00
3.166725e+00 -1.999362e+00
3.173009e+00 -1.999007e+00
3.179292e+00 -1.998573e+00
3.185575e+00 -1.998060e+00
3.191858e+00 -1.997468e+00
3.198141e+00 -1.996797e+00
3.204425e+00 -1.996047e+00
3.210708e+00 -1.995219e+00
3.216991e+00 -1.994312e+00
3.223274e+00 -1.993326e+00
3.229557e+00 -1.992261e+00
3.235840e+00 -1.991118e+00
3.242124e+00 -1.989896e+00
3.248407e+00 -1.988596e+00
3.254690e+00 -1.987217e+00
3.260973e+00 -1.985759e+00
3.267256e+00 -1.984224e+00
3.273540e+00 -1.982610e+00
3.279823e+00 -1.980917e+00
3.286106e+00 -1.979147e+00
3.292389e+00 -1.977298e+00
3.298672e+00 -1.975371e+00
3.304955e+00 -1.973367e+00
3.311239e+00 -1.971284e+00
3.317522e+00 -1.969123e+00
3.323805e+00 -1.966885e+00
3.330088e+00 -1.964569e+00
3.336371e+00 -1.962176e+00
3.342655e+00 -1.959705e+00
3.348938e+00 -1.957157e+00
3.355221e+00 -1.954531e+00
3.361504e+00 -1.951829e+00
3.367787e+00 -1.949049e+00
3.374071e+00 -1.946192e+00
3.380354e+00 -1.943259e+00
3.386637e+00 -1.940249e+00
3.392920e+00 -1.937162e+00
3.399203e+00 -1.933999e+00
3.405486e+00 -1.930759e+00
3.411770e+00 -1.927443e+00
3.418053e+00 -1.924051e+00
3.424336e+00 -1.920584e+00
3.430619e+00 -1.917040e+00
3.436902e+00 -1.913420e+00
3.443186e+00 -1.909726e+00
3.449469e+00 -1.905955e+00
3.455752e+00 -1.902110e+00
3.462035e+00 -1.898189e+00
3.468318e+00 -1.894194e+00
3.474601e+00 -1.890123e+00
3.480885e+00 -1.885978e+00
3.487168e+00 -1.881759e+00
3.493451e+00 -1.877465e+00
3.499734e+00 -1.873097e+00
3.506017e+00 -1.868655e+00
3.512301e+00 -1.864140e+00
3.518584e+00 -1.859551e+00
3.524867e+00 -1.854888e+00
3.531150e+00 -1.850152e+00
3.537433e+00 -1.845344e+00
3.543717e+00 -1.840462e+00
3.550000e+00 -1.835508e+00
3.556283e+00 -1.830481e+00
3.562566e+00 -1.825382e+00
3.568849e+00 -1.820211e+00
3.575132e+00 -1.814968e+00
3.581416e+00 -1.809653e+00
3.587699e+00 -1.804267e+00
3.593982e+00 -1.798810e+00
3.600265e+00 -1.793281e+00
3.606548e+00 -1.787682e+00
3.612832e+00 -1.782013e+00
3.619115e+00 -1.776273e+00
3.625398e+00 -1.770462e+00
3.631681e+00 -1.764582e+00
3.637964e+00 -1.758633e+00
3.644247e+00 -1.752614e+00
3.650531e+00 -1.746525e+00
3.656814e+00 -1.740368e+00
3.663097e+00 -1.734142e+00
3.669380e+00 -1.727848e+00
3.675663e+00 -1.721485e+00
3.681947e+00 -1.715054e+00
3.688230e+00 -1.708556e+00
3.694513e+00 -1.701990e+00
3.700796e+00 -1.695357e+00
3.707079e+00 -1.688657e+00
3.713363e+00 -1.681891e+00
3.719646e+00 -1.675058e+00
3.725929e+00 -1.668159e+00
3.732212e+00 -1.661194e+00
3.738495e+00 -1.654163e+00
3.744778e+00 -1.647067e+00
3.751062e+00 -1.639906e+00
3.757345e+00 -1.632681e+00
3.763628e+00 -1.625391e+00
3.769911e+00 -1.618037e+00
3.776194e+00 -1.610618e+00
3.782478e+00 -1.603137e+00
3.788761e+00 -1.595592e+00
3.795044e+00 -1.587984e+00
3.801327e+00 -1.580313e+00
3.807610e+00 -1.572580e+00
3.813893e+00 -1.564785e+00
3.820177e+00 -1.556928e+00
3.826460e+00 -1.549010e+00
3.832743e+00 -1.541030e+00
3.839026e+00 -1.532990e+00
3.845309e+00 -1.524889e+00
3.851593e+00 -1.516728e+00
3.857876e+00 -1.508507e+00
3.864159e+00 -1.500226e+00
3.870442e+00 -1.491886e+00
3.876725e+00 -1.483488e+00
3.883009e+00 -1.475030e+00
3.889292e+00 -1.466515e+00
3.895575e+00 -1.457942e+00
3.901858e+00 -1.449311e+00
3.908141e+00 -1.440623e+00
3.914424e+00 -1.431878e+00
3.920708e+00 -1.423076e+00
3.926991e+00 -1.414218e+00
3.933274e+00 -1.405305e+00
3.939557e+00 -1.396336e+00
3.945840e+00 -1.387312e+00
3.952124e+00 -1.378233e+00
3.958407e+00 -1.369099e+00
3.964690e+00 -1.359912e+00
3.970973e+00 -1.350671e+00
3.977256e+00 -1.341376e+00
3.983539e+00 -1.332029e+00
3.989823e+00 -1.322629e+00
3.996106e+00 -1.313177e+00
4.002389e+00 -1.303673e+00
4.008672e+00 -1.294117e+00
4.014955e+00 -1.284511e+00
4.021239e+00 -1.274853e+00
4.027522e+00 -1.265146e+00
4.033805e+00 -1.255388e+00
4.040088e+00 -1.245581e+00
4.046371e+00 -1.235725e+00
4.052655e+00 -1.225820e+00
4.058938e+00 -1.215866e+00
4.065221e+00 -1.205865e+00
4.071504e+00 -1.195816e+00
4.077787e+00 -1.185719e+00
4.084070e+00 -1.175576e+00
4.090354e+00 -1.165387e+00
4.096637e+00 -1.155151e+00
4.102920e+00 -1.144870e+00
4.109203e+00 -1.134544e+00
4.115486e+00 -1.124172e+00
4.121770e+00 -1.113757e+00
4.128053e+00 -1.103297e+00
4.134336e+00 -1.092794e+00
4.140619e+00 -1.082248e+00
4.146902e+00 -1.071659e+00
4.153185e+00 -1.061028e+00
4.159469e+00 -1.050355e+00
4.165752e+00 -1.039640e+00
4.172035e+00 -1.028884e+00
4.178318e+00 -1.018088e+00
4.184601e+00 -1.007252e+00
4.190885e+00 -9.963755e-01
4.197168e+00 -9.854600e-01
4.203451e+00 -9.745055e-01
4.209734e+00 -9.635125e-01
4.216017e+00 -9.524815e-01
4.222301e+00 -9.414129e-01
4.228584e+00 -9.303072e-01
4.234867e+00 -9.191647e-01
4.241150e+00 -9.079859e-01
4.247433e+00 -8.967713e-01
4.253716e+00 -8.855213e-01
4.260000e+00 -8.742363e-01
4.266283e+00 -8.629168e-01
4.272566e+00 -8.515632e-01
4.278849e+00 -8.401760e-01
4.285132e+00 -8.287556e-01
4.291416e+00 -8.173026e-01
4.297699e+00 -8.058172e-01
4.303982e+00 -7.943000e-01
4.310265e+00 -7.827515e-01
4.316548e+00 -7.711721e-01
4.322831e+00 -7.595622e-01
4.329115e+00 -7.479223e-01
4.335398e+00 -7.362529e-01
4.341681e+00 -7.245545e-01
4.347964e+00 -7.128274e-01
4.354247e+00 -7.010722e-01
4.360531e+00 -6.892893e-01
4.366814e+00 -6.774792e-01
4.373097e+00 -6.656424e-01
4.379380e+00 -6.537793e-01
4.385663e+00 -6.418903e-01
4.391947e+00 -6.299761e-01
4.398230e+00 -6.180369e-01
4.404513e+00 -6.060734e-01
4.410796e+00 -5.940859e-01
4.417079e+00 -5.820749e-01
4.423362e+00 -5.700410e-01
4.429646e+00 -5.579846e-01
4.435929e+00 -5.459062e-01
4.442212e+00 -5.338062e-01
4.448495e+00 -5.216851e-01
4.454778e+00 -5.095434e-01
4.461062e+00 -4.973816e-01
4.467345e+00 -4.852002e-01
4.473628e+00 -4.729997e-01
4.479911e+00 -4.607804e-01
4.486194e+00 -4.485430e-01
4.492477e+00 -4.362878e-01
4.498761e+00 -4.240154e-01
4.505044e+00 -4.117263e-01
4.511327e+00 -3.994210e-01
4.517610e+00 -3.870998e-01
4.523893e+00 -3.747634e-01
4.530177e+00 -3.624122e-01
4.536460e+00 -3.500467e-01
4.542743e+00 -3.376673e-01
4.549026e+00 -3.252747e-01
4.555309e+00 -3.128691e-01
4.561593e+00 -3.004513e-01
4.567876e+00 -2.880216e-01
4.574159e+00 -2.755805e-01
4.580442e+00 -2.631285e-01
4.586725e+00 -2.506661e-01
4.593008e+00 -2.381939e-01
4.599292e+00 -2.257122e-01
4.605575e+00 -2.132217e-01
4.611858e+00 -2.007227e-01
4.618141e+00 -1.882158e-01
4.624424e+00 -1.757014e-01
4.630708e+00 -1.631802e-01
4.636991e+00 -1.506524e-01
4.643274e+00 -1.381188e-01
4.649557e+00 -1.255797e-01
4.655840e+00 -1.130356e-01
4.662123e+00 -1.004871e-01
4.668407e+00 -8.793457e-02
4.674690e+00 -7.537860e-02
4.680973e+00 -6.281966e-02
4.687256e+00 -5.025824e-02
4.693539e+00 -3.769484e-02
4.699823e+00 -2.512995e-02
4.706106e+00 -1.256407e-02
4.712389e+00 2.302348e-06
4.718672e+00 1.256868e-02
4.724955e+00 2.513455e-02
4.731239e+00 3.769943e-02
4.737522e+00 5.026282e-02
4.743805e+00 6.282423e-02
4.750088e+00 7.538315e-02
4.756371e+00 8.793910e-02
4.762654e+00 1.004916e-01
4.768938e+00 1.130401e-01
4.775221e+00 1.255841e-01
4.781504e+00 1.381232e-01
4.787787e+00 1.506568e-01
4.794070e+00 1.631845e-01
4.800354e+00 1.757057e-01
4.806637e+00 1.882200e-01
4.812920e+00 2.007269e-01
4.819203e+00 2.132258e-01
4.825486e+00 2.257163e-01
4.831770e+00 2.381979e-01
4.838053e+00 2.506701e-01
4.844336e+00 2.631324e-01
4.850619e+00 2.755843e-01
4.856902e+00 2.880253e-01
4.863185e+00 3.004550e-01
4.869469e+00 3.128728e-01
4.875752e+00 3.252782e-01
4.882035e+00 3.376708e-01
4.888318e+00 3.500500e-01
4.894601e+00 3.624155e-01
4.900885e+00 3.747666e-01
4.907168e+00 3.871029e-01
4.913451e+00 3.994240e-01
4.919734e+00 4.117292e-01
4.926017e+00 4.240182e-01
4.932300e+00 4.362905e-01
4.938584e+00 4.485456e-01
4.944867e+00 4.607829e-01
4.951150e+00 4.730020e-01
4.957433e+00 4.852025e-01
4.963716e+00 4.973838e-01
4.970000e+00 5.095455e-01
4.976283e+00 5.216870e-01
4.982566e+00 5.338080e-01
4.988849e+00 5.459079e-01
4.995132e+00 5.579862e-01
5.001416e+00 5.700425e-01
5.007699e+00 5.820763e-01
5.013982e+00 5.940871e-01
5.020265e+00 6.060744e-01
5.026548e+00 6.180378e-01
5.032831e+00 6.299769e-01
5.039115e+00 6.418910e-01
5.045398e+00 6.537798e-01
5.051681e+00 6.656428e-01
5.057964e+00 6.774795e-01
5.064247e+00 6.892895e-01
5.070531e+00 7.010722e-01
5.076814e+00 7.128273e-01
5.083097e+00 7.245542e-01
5.089380e+00 7.362526e-01
5.095663e+00 7.479218e-01
5.101946e+00 7.595615e-01
5.108230e+00 7.711713e-01
5.114513e+00 7.827506e-01
5.120796e+00 7.942989e-01
5.127079e+00 8.058160e-01
5.133362e+00 8.173012e-01
5.139646e+00 8.287541e-01
5.145929e+00 8.401744e-01
5.152212e+00 8.515614e-01
5.158495e+00 8.629149e-01
5.164778e+00 8.742342e-01
5.171062e+00 8.855191e-01
5.177345e+00 8.967690e-01
5.183628e+00 9.079835e-01
5.189911e+00 9.191621e-01
5.196194e+00 9.303045e-01
5.202477e+00 9.414101e-01
5.208761e+00 9.524786e-01
5.215044e+00 9.635094e-01
5.221327e+00 9.745022e-01
5.227610e+00 9.854566e-01
5.233893e+00 9.963720e-01
5.240177e+00 1.007248e+00
5.246460e+00 1.018084e+00
5.252743e+00 1.028881e+00
5.259026e+00 1.039636e+00
5.265309e+00 1.050351e+00
5.271592e+00 1.061024e+00
5.277876e+00 1.071655e+00
5.284159e+00 1.082244e+00
5.290442e+00 1.092790e+00
5.296725e+00 1.103293e+00
5.303008e+00 1.113752e+00
5.309292e+00 1.124168e+00
5.315575e+00 1.134539e+00
5.321858e+00 1.144865e+00
5.328141e+00 1.155146e+00
5.334424e+00 1.165381e+00
5.340708e+00 1.175571e+00
5.346991e+00 1.185714e+00
5.353274e+00 1.195810e+00
5.359557e+00 1.205859e+00
5.365840e+00 1.215861e+00
5.372123e+00 1.225814e+00
5.378407e+00 1.235719e+00
5.384690e+00 1.245575e+00
5.390973e+00 1.255382e+00
5.397256e+00 1.265140e+00
5.403539e+00 1.274847e+00
5.409823e+00 1.284505e+00
5.416106e+00 1.294111e+00
5.422389e+00 1.303667e+00
5.428672e+00 1.313171e+00
5.434955e+00 1.322623e+00
5.441238e+00 1.332023e+00
5.447522e+00 1.341370e+00
5.453805e+00 1.350664e+00
5.460088e+00 1.359906e+00
5.466371e+00 1.369093e+00
5.472654e+00 1.378226e+00
5.478938e+00 1.387305e+00
5.485221e+00 1.396329e+00
5.491504e+00 1.405298e+00
5.497787e+00 1.414212e+00
5.504070e+00 1.423070e+00
5.510354e+00 1.431871e+00
5.516637e+00 1.440616e+00
5.522920e+00 1.449305e+00
5.529203e+00 1.457935e+00
5.535486e+00 1.466509e+00
5.541769e+00 1.475024e+00
5.548053e+00 1.483482e+00
5.554336e+00 1.491880e+00
5.560619e+00 1.500220e+00
5.566902e+00 1.508501e+00
5.573185e+00 1.516722e+00
5.579469e+00 1.524883e+00
5.585752e+00 1.532984e+00
5.592035e+00 1.541024e+00
5.598318e+00 1.549004e+00
5.604601e+00 1.556922e+00
5.610884e+00 1.564779e+00
5.617168e+00 1.572575e+00
5.623451e+00 1.580308e+00
5.629734e+00 1.587979e+00
5.636017e+00 1.595587e+00
5.642300e+00 1.603132e+00
5.648584e+00 1.610614e+00
5.654867e+00 1.618032e+00
5.661150e+00 1.625386e+00
5.667433e+00 1.632676e+00
5.673716e+00 1.639902e+00
5.680000e+00 1.647063e+00
5.686283e+00 1.654159e+00
5.692566e+00 1.661190e+00
5.698849e+00 1.668155e+00
5.705132e+00 1.675054e+00
5.711415e+00 1.681887e+00
5.717699e+00 1.688654e+00
5.723982e+00 1.695354e+00
5.730265e+00 1.701987e+00
5.736548e+00 1.708553e+00
5.742831e+00 1.715052e+00
5.749115e+00 1.721482e+00
5.755398e+00 1.727845e+00
5.761681e+00 1.734140e+00
5.767964e+00 1.740366e+00
5.774247e+00 1.746523e+00
5.780530e+00 1.752612e+00
5.786814e+00 1.758631e+00
5.793097e+00 1.764581e+00
5.799380e+00 1.770461e+00
5.805663e+00 1.776272e+00
5.811946e+00 1.782012e+00
5.818230e+00 1.787682e+00
5.824513e+00 1.793281e+00
5.830796e+00 1.798809e+00
5.837079e+00 1.804267e+00
5.843362e+00 1.809653e+00
5.849646e+00 1.814968e+00
5.855929e+00 1.820211e+00
5.862212e+00 1.825382e+00
5.868495e+00 1.830482e+00
5.874778e+00 1.835509e+00
5.881061e+00 1.840463e+00
5.887345e+00 1.845345e+00
5.893628e+00 1.850154e+00
5.899911e+00 1.854890e+00
5.906194e+00 1.859553e+00
5.912477e+00 1.864142e+00
5.918761e+00 1.868658e+00
5.925044e+00 1.873100e+00
5.931327e+00 1.877468e+00
5.937610e+00 1.881762e+00
5.943893e+00 1.885981e+00
5.950176e+00 1.890126e+00
5.956460e+00 1.894197e+00
5.962743e+00 1.898192e+00
5.969026e+00 1.902113e+00
5.975309e+00 1.905959e+00
5.981592e+00 1.909729e+00
5.987876e+00 1.913424e+00
5.994159e+00 1.917044e+00
6.000442e+00 1.920588e+00
6.006725e+00 1.924056e+00
6.013008e+00 1.927448e+00
6.019292e+00 1.930764e+00
6.025575e+00 1.934004e+00
6.031858e+00 1.937167e+00
6.038141e+00 1.940254e+00
6.044424e+00 1.943264e+00
6.050707e+00 1.946198e+00
6.056991e+00 1.949054e+00
6.063274e+00 1.951834e+00
6.069557e+00 1.954537e+00
6.075840e+00 1.957162e+00
6.082123e+00 1.959711e+00
6.088407e+00 1.962182e+00
6.094690e+00 1.964575e+00
6.100973e+00 1.966891e+00
6.107256e+00 1.969129e+00
6.113539e+00 1.971290e+00
6.119822e+00 1.973372e+00
6.126106e+00 1.975377e+00
6.132389e+00 1.977304e+00
6.138672e+00 1.979153e+00
6.144955e+00 1.980923e+00
6.151238e+00 1.982616e+00
6.157522e+00 1.984230e+00
6.163805e+00 1.985766e+00
6.170088e+00 1.987223e+00
6.176371e+00 1.988602e+00
6.182654e+00 1.989902e+00
6.188938e+00 1.991124e+00
6.195221e+00 1.992267e+00
6.201504e+00 1.993332e+00
6.207787e+00 1.994318e+00
6.214070e+00 1.995225e+00
6.220353e+00 1.996054e+00
6.226637e+00 1.996803e+00
6.232920e+00 1.997474e+00
6.239203e+00 1.998066e+00
6.245486e+00 1.998579e+00
6.251769e+00 1.999013e+00
6.258053e+00 1.999368e+00
6.264336e+00 1.999645e+00
6.270619e+00 1.999842e+00
6.276902e+00 1.999961e+00
6.283185e+00 2.000000e+00
2.440935e-04