0.000000e+00
6.244507e+00
5.940772e+00
5.363034e+00
4.567846e+00
3.633046e+00
2.650139e+00
1.715339e+00
9.201512e-01
3.424131e-01
3.867822e-02
0.000000e+00 2.000000e+00
6.283185e-03 2.000092e+00
1.256637e-02 2.000046e+00
1.884956e-02 1.999868e+00
2.513274e-02 1.999564e+00
3.141593e-02 1.999140e+00
3.769911e-02 1.998599e+00
4.398230e-02 1.997946e+00
5.026548e-02 1.997187e+00
5.654867e-02 1.996325e+00
6.283185e-02 1.995364e+00
6.911504e-02 1.994309e+00
7.539822e-02 1.993161e+00
8.168141e-02 1.991926e+00
8.796459e-02 1.990606e+00
9.424778e-02 1.989204e+00
1.005310e-01 1.987722e+00
1.068142e-01 1.986164e+00
1.130973e-01 1.984532e+00
1.193805e-01 1.982827e+00
1.256637e-01 1.981053e+00
1.319469e-01 1.979211e+00
1.382301e-01 1.977302e+00
1.445133e-01 1.975329e+00
1.507964e-01 1.973293e+00
1.570796e-01 1.971195e+00
1.633628e-01 1.969037e+00
1.696460e-01 1.966818e+00
1.759292e-01 1.964542e+00
1.822124e-01 1.962208e+00
1.884956e-01 1.959816e+00
1.947787e-01 1.957369e+00
2.010619e-01 1.954866e+00
2.073451e-01 1.952307e+00
2.136283e-01 1.949694e+00
2.199115e-01 1.947026e+00
2.261947e-01 1.944303e+00
2.324779e-01 1.941526e+00
2.387610e-01 1.938695e+00
2.450442e-01 1.935809e+00
2.513274e-01 1.932869e+00
2.576106e-01 1.929874e+00
2.638938e-01 1.926824e+00
2.701770e-01 1.923718e+00
2.764602e-01 1.920557e+00
2.827433e-01 1.917340e+00
2.890265e-01 1.914067e+00
2.953097e-01 1.910736e+00
3.015929e-01 1.907348e+00
3.078761e-01 1.903902e+00
3.141593e-01 1.900397e+00
3.204425e-01 1.896833e+00
3.267256e-01 1.893209e+00
3.330088e-01 1.889524e+00
3.392920e-01 1.885778e+00
3.455752e-01 1.881970e+00
3.518584e-01 1.878099e+00
3.581416e-01 1.874164e+00
3.644247e-01 1.870165e+00
3.707079e-01 1.866100e+00
3.769911e-01 1.861970e+00
3.832743e-01 1.857773e+00
3.895575e-01 1.853508e+00
3.958407e-01 1.849175e+00
4.021239e-01 1.844772e+00
4.084070e-01 1.840300e+00
4.146902e-01 1.835756e+00
4.209734e-01 1.831141e+00
4.272566e-01 1.826454e+00
4.335398e-01 1.821693e+00
4.398230e-01 1.816859e+00
4.461062e-01 1.811949e+00
4.523893e-01 1.806965e+00
4.586725e-01 1.801904e+00
4.649557e-01 1.796766e+00
4.712389e-01 1.791550e+00
4.775221e-01 1.786257e+00
4.838053e-01 1.780884e+00
4.900885e-01 1.775432e+00
4.963716e-01 1.769900e+00
5.026548e-01 1.764287e+00
5.089380e-01 1.758593e+00
5.152212e-01 1.752817e+00
5.215044e-01 1.746959e+00
5.277876e-01 1.741018e+00
5.340708e-01 1.734994e+00
5.403539e-01 1.728887e+00
5.466371e-01 1.722695e+00
5.529203e-01 1.716420e+00
5.592035e-01 1.710059e+00
5.654867e-01 1.703614e+00
5.717699e-01 1.697084e+00
5.780530e-01 1.690468e+00
5.843362e-01 1.683768e+00
5.906194e-01 1.676981e+00
5.969026e-01 1.670109e+00
6.031858e-01 1.663151e+00
6.094690e-01 1.656107e+00
6.157522e-01 1.648978e+00
6.220353e-01 1.641763e+00
6.283185e-01 1.634462e+00
6.346017e-01 1.627076e+00
6.408849e-01 1.619604e+00
6.471681e-01 1.612048e+00
6.534513e-01 1.604406e+00
6.597345e-01 1.596681e+00
6.660176e-01 1.588870e+00
6.723008e-01 1.580977e+00
6.785840e-01 1.572999e+00
6.848672e-01 1.564939e+00
6.911504e-01 1.556796e+00
6.974336e-01 1.548572e+00
7.037168e-01 1.540266e+00
7.099999e-01 1.531879e+00
7.162831e-01 1.523412e+00
7.225663e-01 1.514866e+00
7.288495e-01 1.506241e+00
7.351327e-01 1.497538e+00
7.414159e-01 1.488758e+00
7.476991e-01 1.479901e+00
7.539822e-01 1.470970e+00
7.602654e-01 1.461964e+00
7.665486e-01 1.452884e+00
7.728318e-01 1.443732e+00
7.791150e-01 1.434509e+00
7.853982e-01 1.425215e+00
7.916813e-01 1.415852e+00
7.979645e-01 1.406421e+00
8.042477e-01 1.396923e+00
8.105309e-01 1.387359e+00
8.168141e-01 1.377731e+00
8.230973e-01 1.368040e+00
8.293805e-01 1.358287e+00
8.356636e-01 1.348474e+00
8.419468e-01 1.338602e+00
8.482300e-01 1.328672e+00
8.545132e-01 1.318686e+00
8.607964e-01 1.308645e+00
8.670796e-01 1.298551e+00
8.733628e-01 1.288406e+00
8.796459e-01 1.278211e+00
8.859291e-01 1.267967e+00
8.922123e-01 1.257677e+00
8.984955e-01 1.247342e+00
9.047787e-01 1.236963e+00
9.110619e-01 1.226543e+00
9.173451e-01 1.216084e+00
9.236282e-01 1.205586e+00
9.299114e-01 1.195052e+00
9.361946e-01 1.184484e+00
9.424778e-01 1.173883e+00
9.487610e-01 1.163252e+00
9.550442e-01 1.152592e+00
9.613274e-01 1.141905e+00
9.676105e-01 1.131193e+00
9.738937e-01 1.120459e+00
9.801769e-01 1.109704e+00
9.864601e-01 1.098931e+00
9.927433e-01 1.088140e+00
9.990265e-01 1.077335e+00
1.005310e+00 1.066517e+00
1.011593e+00 1.055689e+00
1.017876e+00 1.044852e+00
1.024159e+00 1.034010e+00
1.030442e+00 1.023163e+00
1.036726e+00 1.012314e+00
1.043009e+00 1.001465e+00
1.049292e+00 9.906187e-01
1.055575e+00 9.797770e-01
1.061858e+00 9.689421e-01
1.068142e+00 9.581162e-01
1.074425e+00 9.473016e-01
1.080708e+00 9.365004e-01
1.086991e+00 9.257150e-01
1.093274e+00 9.149475e-01
1.099557e+00 9.042003e-01
1.105841e+00 8.934757e-01
1.112124e+00 8.827757e-01
1.118407e+00 8.721029e-01
1.124690e+00 8.614594e-01
1.130973e+00 8.508475e-01
1.137257e+00 8.402695e-01
1.143540e+00 8.297278e-01
1.149823e+00 8.192245e-01
1.156106e+00 8.087621e-01
1.162389e+00 7.983427e-01
1.168672e+00 7.879687e-01
1.174956e+00 7.776423e-01
1.181239e+00 7.673659e-01
1.187522e+00 7.571418e-01
1.193805e+00 7.469722e-01
1.200088e+00 7.368593e-01
1.206372e+00 7.268056e-01
1.212655e+00 7.168132e-01
1.218938e+00 7.068844e-01
1.225221e+00 6.970214e-01
1.231504e+00 6.872266e-01
1.237788e+00 6.775021e-01
1.244071e+00 6.678501e-01
1.250354e+00 6.582730e-01
1.256637e+00 6.487728e-01
1.262920e+00 6.393518e-01
1.269203e+00 6.300123e-01
1.275487e+00 6.207562e-01
1.281770e+00 6.115859e-01
1.288053e+00 6.025035e-01
1.294336e+00 5.935111e-01
1.300619e+00 5.846108e-01
1.306903e+00 5.758047e-01
1.313186e+00 5.670949e-01
1.319469e+00 5.584835e-01
1.325752e+00 5.499726e-01
1.332035e+00 5.415641e-01
1.338318e+00 5.332602e-01
1.344602e+00 5.250627e-01
1.350885e+00 5.169737e-01
1.357168e+00 5.089952e-01
1.363451e+00 5.011290e-01
1.369734e+00 4.933771e-01
1.376018e+00 4.857415e-01
1.382301e+00 4.782239e-01
1.388584e+00 4.708262e-01
1.394867e+00 4.635503e-01
1.401150e+00 4.563980e-01
1.407434e+00 4.493710e-01
1.413717e+00 4.424712e-01
1.420000e+00 4.357001e-01
1.426283e+00 4.290597e-01
1.432566e+00 4.225514e-01
1.438849e+00 4.161771e-01
1.445133e+00 4.099383e-01
1.451416e+00 4.038366e-01
1.457699e+00 3.978736e-01
1.463982e+00 3.920509e-01
1.470265e+00 3.863699e-01
1.476549e+00 3.808322e-01
1.482832e+00 3.754392e-01
1.489115e+00 3.701924e-01
1.495398e+00 3.650931e-01
1.501681e+00 3.601427e-01
1.507964e+00 3.553426e-01
1.514248e+00 3.506940e-01
1.520531e+00 3.461984e-01
1.526814e+00 3.418568e-01
1.533097e+00 3.376705e-01
1.539380e+00 3.336407e-01
1.545664e+00 3.297685e-01
1.551947e+00 3.260551e-01
1.558230e+00 3.225016e-01
1.564513e+00 3.191089e-01
1.570796e+00 3.158782e-01
1.577080e+00 3.128103e-01
1.583363e+00 3.099063e-01
1.589646e+00 3.071671e-01
1.595929e+00 3.045935e-01
1.602212e+00 3.021863e-01
1.608495e+00 2.999465e-01
1.614779e+00 2.978747e-01
1.621062e+00 2.959718e-01
1.627345e+00 2.942383e-01
1.633628e+00 2.926750e-01
1.639911e+00 2.912826e-01
1.646195e+00 2.900615e-01
1.652478e+00 2.890124e-01
1.658761e+00 2.881358e-01
1.665044e+00 2.874322e-01
1.671327e+00 2.869020e-01
1.677610e+00 2.865457e-01
1.683894e+00 2.863636e-01
1.690177e+00 2.863560e-01
1.696460e+00 2.865233e-01
1.702743e+00 2.868658e-01
1.709026e+00 2.873836e-01
1.715310e+00 2.880769e-01
1.721593e+00 2.889460e-01
1.727876e+00 2.899909e-01
1.734159e+00 2.912117e-01
1.740442e+00 2.926085e-01
1.746726e+00 2.941812e-01
1.753009e+00 2.959299e-01
1.759292e+00 2.978545e-01
1.765575e+00 2.999548e-01
1.771858e+00 3.022307e-01
1.778141e+00 3.046820e-01
1.784425e+00 3.073086e-01
1.790708e+00 3.101102e-01
1.796991e+00 3.130864e-01
1.803274e+00 3.162370e-01
1.809557e+00 3.195616e-01
1.815841e+00 3.230598e-01
1.822124e+00 3.267312e-01
1.828407e+00 3.305752e-01
1.834690e+00 3.345914e-01
1.840973e+00 3.387793e-01
1.847256e+00 3.431381e-01
1.853540e+00 3.476675e-01
1.859823e+00 3.523665e-01
1.866106e+00 3.572347e-01
1.872389e+00 3.622713e-01
1.878672e+00 3.674754e-01
1.884956e+00 3.728464e-01
1.891239e+00 3.783833e-01
1.897522e+00 3.840853e-01
1.903805e+00 3.899516e-01
1.910088e+00 3.959811e-01
1.916372e+00 4.021730e-01
1.922655e+00 4.085261e-01
1.928938e+00 4.150395e-01
1.935221e+00 4.217121e-01
1.941504e+00 4.285429e-01
1.947787e+00 4.355305e-01
1.954071e+00 4.426740e-01
1.960354e+00 4.499721e-01
1.966637e+00 4.574235e-01
1.972920e+00 4.650270e-01
1.979203e+00 4.727813e-01
1.985487e+00 4.806851e-01
1.991770e+00 4.887370e-01
1.998053e+00 4.969356e-01
2.004336e+00 5.052794e-01
2.010619e+00 5.137672e-01
2.016902e+00 5.223973e-01
2.023186e+00 5.311682e-01
2.029469e+00 5.400785e-01
2.035752e+00 5.491264e-01
2.042035e+00 5.583106e-01
2.048318e+00 5.676292e-01
2.054602e+00 5.770807e-01
2.060885e+00 5.866634e-01
2.067168e+00 5.963756e-01
2.073451e+00 6.062155e-01
2.079734e+00 6.161813e-01
2.086018e+00 6.262714e-01
2.092301e+00 6.364838e-01
2.098584e+00 6.468167e-01
2.104867e+00 6.572683e-01
2.111150e+00 6.678367e-01
2.117433e+00 6.785200e-01
2.123717e+00 6.893162e-01
2.130000e+00 7.002233e-01
2.136283e+00 7.112394e-01
2.142566e+00 7.223626e-01
2.148849e+00 7.335906e-01
2.155133e+00 7.449216e-01
2.161416e+00 7.563534e-01
2.167699e+00 7.678839e-01
2.173982e+00 7.795111e-01
2.180265e+00 7.912328e-01
2.186548e+00 8.030468e-01
2.192832e+00 8.149509e-01
2.199115e+00 8.269431e-01
2.205398e+00 8.390211e-01
2.211681e+00 8.511826e-01
2.217964e+00 8.634254e-01
2.224248e+00 8.757473e-01
2.230531e+00 8.881459e-01
2.236814e+00 9.006191e-01
2.243097e+00 9.131644e-01
2.249380e+00 9.257796e-01
2.255664e+00 9.384623e-01
2.261947e+00 9.512102e-01
2.268230e+00 9.640209e-01
2.274513e+00 9.768920e-01
2.280796e+00 9.898212e-01
2.287079e+00 1.002806e+00
2.293363e+00 1.015844e+00
2.299646e+00 1.028933e+00
2.305929e+00 1.042070e+00
2.312212e+00 1.055253e+00
2.318495e+00 1.068480e+00
2.324779e+00 1.081748e+00
2.331062e+00 1.095054e+00
2.337345e+00 1.108396e+00
2.343628e+00 1.121772e+00
2.349911e+00 1.135179e+00
2.356194e+00 1.148615e+00
2.362478e+00 1.162076e+00
2.368761e+00 1.175561e+00
2.375044e+00 1.189068e+00
2.381327e+00 1.202592e+00
2.387610e+00 1.216133e+00
2.393894e+00 1.229687e+00
2.400177e+00 1.243252e+00
2.406460e+00 1.256826e+00
2.412743e+00 1.270405e+00
2.419026e+00 1.283988e+00
2.425310e+00 1.297571e+00
2.431593e+00 1.311153e+00
2.437876e+00 1.324730e+00
2.444159e+00 1.338301e+00
2.450442e+00 1.351862e+00
2.456725e+00 1.365411e+00
2.463009e+00 1.378946e+00
2.469292e+00 1.392464e+00
2.475575e+00 1.405962e+00
2.481858e+00 1.419438e+00
2.488141e+00 1.432890e+00
2.494425e+00 1.446314e+00
2.500708e+00 1.459709e+00
2.506991e+00 1.473071e+00
2.513274e+00 1.486400e+00
2.519557e+00 1.499690e+00
2.525840e+00 1.512942e+00
2.532124e+00 1.526151e+00
2.538407e+00 1.539315e+00
2.544690e+00 1.552433e+00
2.550973e+00 1.565501e+00
2.557256e+00 1.578516e+00
2.563540e+00 1.591478e+00
2.569823e+00 1.604383e+00
2.576106e+00 1.617228e+00
2.582389e+00 1.630012e+00
2.588672e+00 1.642731e+00
2.594956e+00 1.655384e+00
2.601239e+00 1.667969e+00
2.607522e+00 1.680482e+00
2.613805e+00 1.692921e+00
2.620088e+00 1.705285e+00
2.626371e+00 1.717570e+00
2.632655e+00 1.729775e+00
2.638938e+00 1.741897e+00
2.645221e+00 1.753935e+00
2.651504e+00 1.765884e+00
2.657787e+00 1.777744e+00
2.664071e+00 1.789513e+00
2.670354e+00 1.801187e+00
2.676637e+00 1.812765e+00
2.682920e+00 1.824245e+00
2.689203e+00 1.835624e+00
2.695486e+00 1.846900e+00
2.701770e+00 1.858072e+00
2.708053e+00 1.869137e+00
2.714336e+00 1.880093e+00
2.720619e+00 1.890937e+00
2.726902e+00 1.901669e+00
2.733186e+00 1.912286e+00
2.739469e+00 1.922785e+00
2.745752e+00 1.933166e+00
2.752035e+00 1.943426e+00
2.758318e+00 1.953562e+00
2.764602e+00 1.963574e+00
2.770885e+00 1.973460e+00
2.777168e+00 1.983216e+00
2.783451e+00 1.992843e+00
2.789734e+00 2.002337e+00
2.796017e+00 2.011697e+00
2.802301e+00 2.020921e+00
2.808584e+00 2.030008e+00
2.814867e+00 2.038956e+00
2.821150e+00 2.047763e+00
2.827433e+00 2.056428e+00
2.833717e+00 2.064948e+00
2.840000e+00 2.073323e+00
2.846283e+00 2.081550e+00
2.852566e+00 2.089629e+00
2.858849e+00 2.097557e+00
2.865133e+00 2.105334e+00
2.871416e+00 2.112957e+00
2.877699e+00 2.120425e+00
2.883982e+00 2.127737e+00
2.890265e+00 2.134892e+00
2.896548e+00 2.141888e+00
2.902832e+00 2.148724e+00
2.909115e+00 2.155399e+00
2.915398e+00 2.161910e+00
2.921681e+00 2.168258e+00
2.927964e+00 2.174441e+00
2.934248e+00 2.180457e+00
2.940531e+00 2.186307e+00
2.946814e+00 2.191987e+00
2.953097e+00 2.197498e+00
2.959380e+00 2.202839e+00
2.965663e+00 2.208008e+00
2.971947e+00 2.213004e+00
2.978230e+00 2.217827e+00
2.984513e+00 2.222476e+00
2.990796e+00 2.226949e+00
2.997079e+00 2.231246e+00
3.003363e+00 2.235367e+00
3.009646e+00 2.239309e+00
3.015929e+00 2.243074e+00
3.022212e+00 2.246659e+00
3.028495e+00 2.250064e+00
3.034779e+00 2.253289e+00
3.041062e+00 2.256333e+00
3.047345e+00 2.259195e+00
3.053628e+00 2.261875e+00
3.059911e+00 2.264372e+00
3.066194e+00 2.266687e+00
3.072478e+00 2.268818e+00
3.078761e+00 2.270764e+00
3.085044e+00 2.272527e+00
3.091327e+00 2.274105e+00
3.097610e+00 2.275498e+00
3.103894e+00 2.276706e+00
3.110177e+00 2.277728e+00
3.116460e+00 2.278565e+00
3.122743e+00 2.279216e+00
3.129026e+00 2.279681e+00
3.135309e+00 2.279960e+00
3.141593e+00 2.280053e+00
3.147876e+00 2.279960e+00
3.154159e+00 2.279681e+00
3.160442e+00 2.279216e+00
3.166725e+00 2.278565e+00
3.173009e+00 2.277728e+00
3.179292e+00 2.276706e+00
3.185575e+00 2.275498e+00
3.191858e+00 2.274105e+00
3.198141e+00 2.272527e+00
3.204425e+00 2.270764e+00
3.210708e+00 2.268818e+00
3.216991e+00 2.266687e+00
3.223274e+00 2.264372e+00
3.229557e+00 2.261875e+00
3.235840e+00 2.259195e+00
3.242124e+00 2.256333e+00
3.248407e+00 2.253289e+00
3.254690e+00 2.250064e+00
3.260973e+00 2.246659e+00
3.267256e+00 2.243074e+00
3.273540e+00 2.239309e+00
3.279823e+00 2.235367e+00
3.286106e+00 2.231246e+00
3.292389e+00 2.226949e+00
3.298672e+00 2.222476e+00
3.304955e+00 2.217827e+00
3.311239e+00 2.213004e+00
3.317522e+00 2.208008e+00
3.323805e+00 2.202839e+00
3.330088e+00 2.197498e+00
3.336371e+00 2.191987e+00
3.342655e+00 2.186307e+00
3.348938e+00 2.180457e+00
3.355221e+00 2.174441e+00
3.361504e+00 2.168258e+00
3.367787e+00 2.161910e+00
3.374071e+00 2.155399e+00
3.380354e+00 2.148724e+00
3.386637e+00 2.141888e+00
3.392920e+00 2.134892e+00
3.399203e+00 2.127737e+00
3.405486e+00 2.120425e+00
3.411770e+00 2.112957e+00
3.418053e+00 2.105334e+00
3.424336e+00 2.097557e+00
3.430619e+00 2.089629e+00
3.436902e+00 2.081550e+00
3.443186e+00 2.073323e+00
3.449469e+00 2.064948e+00
3.455752e+00 2.056428e+00
3.462035e+00 2.047763e+00
3.468318e+00 2.038956e+00
3.474601e+00 2.030008e+00
3.480885e+00 2.020921e+00
3.487168e+00 2.011697e+00
3.493451e+00 2.002337e+00
3.499734e+00 1.992843e+00
3.506017e+00 1.983216e+00
3.512301e+00 1.973460e+00
3.518584e+00 1.963574e+00
3.524867e+00 1.953562e+00
3.531150e+00 1.943426e+00
3.537433e+00 1.933166e+00
3.543717e+00 1.922785e+00
3.550000e+00 1.912286e+00
3.556283e+00 1.901669e+00
3.562566e+00 1.890937e+00
3.568849e+00 1.880093e+00
3.575132e+00 1.869137e+00
3.581416e+00 1.858072e+00
3.587699e+00 1.846900e+00
3.593982e+00 1.835624e+00
3.600265e+00 1.824245e+00
3.606548e+00 1.812765e+00
3.612832e+00 1.801187e+00
3.619115e+00 1.789513e+00
3.625398e+00 1.777744e+00
3.631681e+00 1.765884e+00
3.637964e+00 1.753935e+00
3.644247e+00 1.741897e+00
3.650531e+00 1.729775e+00
3.656814e+00 1.717570e+00
3.663097e+00 1.705285e+00
3.669380e+00 1.692921e+00
3.675663e+00 1.680482e+00
3.681947e+00 1.667969e+00
3.688230e+00 1.655384e+00
3.694513e+00 1.642731e+00
3.700796e+00 1.630012e+00
3.707079e+00 1.617228e+00
3.713363e+00 1.604383e+00
3.719646e+00 1.591478e+00
3.725929e+00 1.578516e+00
3.732212e+00 1.565501e+00
3.738495e+00 1.552433e+00
3.744778e+00 1.539315e+00
3.751062e+00 1.526151e+00
3.757345e+00 1.512942e+00
3.763628e+00 1.499690e+00
3.769911e+00 1.486400e+00
3.776194e+00 1.473071e+00
3.782478e+00 1.459709e+00
3.788761e+00 1.446314e+00
3.795044e+00 1.432890e+00
3.801327e+00 1.419438e+00
3.807610e+00 1.405962e+00
3.813893e+00 1.392464e+00
3.820177e+00 1.378946e+00
3.826460e+00 1.365411e+00
3.832743e+00 1.351862e+00
3.839026e+00 1.338301e+00
3.845309e+00 1.324730e+00
3.851593e+00 1.311153e+00
3.857876e+00 1.297571e+00
3.864159e+00 1.283988e+00
3.870442e+00 1.270405e+00
3.876725e+00 1.256826e+00
3.883009e+00 1.243252e+00
3.889292e+00 1.229687e+00
3.895575e+00 1.216133e+00
3.901858e+00 1.202592e+00
3.908141e+00 1.189068e+00
3.914424e+00 1.175561e+00
3.920708e+00 1.162076e+00
3.926991e+00 1.148615e+00
3.933274e+00 1.135179e+00
3.939557e+00 1.121772e+00
3.945840e+00 1.108396e+00
3.952124e+00 1.095054e+00
3.958407e+00 1.081748e+00
3.964690e+00 1.068480e+00
3.970973e+00 1.055253e+00
3.977256e+00 1.042070e+00
3.983539e+00 1.028933e+00
3.989823e+00 1.015844e+00
3.996106e+00 1.002806e+00
4.002389e+00 9.898212e-01
4.008672e+00 9.768920e-01
4.014955e+00 9.640209e-01
4.021239e+00 9.512102e-01
4.027522e+00 9.384623e-01
4.033805e+00 9.257796e-01
4.040088e+00 9.131644e-01
4.046371e+00 9.006191e-01
4.052655e+00 8.881459e-01
4.058938e+00 8.757473e-01
4.065221e+00 8.634254e-01
4.071504e+00 8.511826e-01
4.077787e+00 8.390211e-01
4.084070e+00 8.269431e-01
4.090354e+00 8.149509e-01
4.096637e+00 8.030468e-01
4.102920e+00 7.912328e-01
4.109203e+00 7.795111e-01
4.115486e+00 7.678839e-01
4.121770e+00 7.563534e-01
4.128053e+00 7.449216e-01
4.134336e+00 7.335906e-01
4.140619e+00 7.223626e-01
4.146902e+00 7.112394e-01
4.153185e+00 7.002233e-01
4.159469e+00 6.893162e-01
4.165752e+00 6.785200e-01
4.172035e+00 6.678367e-01
4.178318e+00 6.572683e-01
4.184601e+00 6.468167e-01
4.190885e+00 6.364838e-01
4.197168e+00 6.262714e-01
4.203451e+00 6.161813e-01
4.209734e+00 6.062155e-01
4.216017e+00 5.963756e-01
4.222301e+00 5.866634e-01
4.228584e+00 5.770807e-01
4.234867e+00 5.676292e-01
4.241150e+00 5.583106e-01
4.247433e+00 5.491264e-01
4.253716e+00 5.400785e-01
4.260000e+00 5.311682e-01
4.266283e+00 5.223973e-01
4.272566e+00 5.137672e-01
4.278849e+00 5.052794e-01
4.285132e+00 4.969356e-01
4.291416e+00 4.887370e-01
4.297699e+00 4.806851e-01
4.303982e+00 4.727813e-01
4.310265e+00 4.650270e-01
4.316548e+00 4.574235e-01
4.322831e+00 4.499721e-01
4.329115e+00 4.426740e-01
4.335398e+00 4.355305e-01
4.341681e+00 4.285429e-01
4.347964e+00 4.217121e-01
4.354247e+00 4.150395e-01
4.360531e+00 4.085261e-01
4.366814e+00 4.021730e-01
4.373097e+00 3.959811e-01
4.379380e+00 3.899516e-01
4.385663e+00 3.840853e-01
4.391947e+00 3.783833e-01
4.398230e+00 3.728464e-01
4.404513e+00 3.674754e-01
4.410796e+00 3.622713e-01
4.417079e+00 3.572347e-01
4.423362e+00 3.523665e-01
4.429646e+00 3.476675e-01
4.435929e+00 3.431381e-01
4.442212e+00 3.387793e-01
4.448495e+00 3.345914e-01
4.454778e+00 3.305752e-01
4.461062e+00 3.267312e-01
4.467345e+00 3.230598e-01
4.473628e+00 3.195616e-01
4.479911e+00 3.162370e-01
4.486194e+00 3.130864e-01
4.492477e+00 3.101102e-01
4.498761e+00 3.073086e-01
4.505044e+00 3.046820e-01
4.511327e+00 3.022307e-01
4.517610e+00 2.999548e-01
4.523893e+00 2.978545e-01
4.530177e+00 2.959299e-01
4.536460e+00 2.941812e-01
4.542743e+00 2.926085e-01
4.549026e+00 2.912117e-01
4.555309e+00 2.899909e-01
4.561593e+00 2.889460e-01
4.567876e+00 2.880769e-01
4.574159e+00 2.873836e-01
4.580442e+00 2.868658e-01
4.586725e+00 2.865233e-01
4.593008e+00 2.863560e-01
4.599292e+00 2.863636e-01
4.605575e+00 2.865457e-01
4.611858e+00 2.869020e-01
4.618141e+00 2.874322e-01
4.624424e+00 2.881358e-01
4.630708e+00 2.890124e-01
4.636991e+00 2.900615e-01
4.643274e+00 2.912826e-01
4.649557e+00 2.926750e-01
4.655840e+00 2.942383e-01
4.662123e+00 2.959718e-01
4.668407e+00 2.978747e-01
4.674690e+00 2.999465e-01
4.680973e+00 3.021863e-01
4.687256e+00 3.045935e-01
4.693539e+00 3.071671e-01
4.699823e+00 3.099063e-01
4.706106e+00 3.128103e-01
4.712389e+00 3.158782e-01
4.718672e+00 3.191089e-01
4.724955e+00 3.225016e-01
4.731239e+00 3.260551e-01
4.737522e+00 3.297685e-01
4.743805e+00 3.336407e-01
4.750088e+00 3.376705e-01
4.756371e+00 3.418568e-01
4.762654e+00 3.461984e-01
4.768938e+00 3.506940e-01
4.775221e+00 3.553426e-01
4.781504e+00 3.601427e-01
4.787787e+00 3.650931e-01
4.794070e+00 3.701924e-01
4.800354e+00 3.754392e-01
4.806637e+00 3.808322e-01
4.812920e+00 3.863699e-01
4.819203e+00 3.920509e-01
4.825486e+00 3.978736e-01
4.831770e+00 4.038366e-01
4.838053e+00 4.099383e-01
4.844336e+00 4.161771e-01
4.850619e+00 4.225514e-01
4.856902e+00 4.290597e-01
4.863185e+00 4.357001e-01
4.869469e+00 4.424712e-01
4.875752e+00 4.493710e-01
4.882035e+00 4.563980e-01
4.888318e+00 4.635503e-01
4.894601e+00 4.708262e-01
4.900885e+00 4.782239e-01
4.907168e+00 4.857415e-01
4.913451e+00 4.933771e-01
4.919734e+00 5.011290e-01
4.926017e+00 5.089952e-01
4.932300e+00 5.169737e-01
4.938584e+00 5.250627e-01
4.944867e+00 5.332602e-01
4.951150e+00 5.415641e-01
4.957433e+00 5.499726e-01
4.963716e+00 5.584835e-01
4.970000e+00 5.670949e-01
4.976283e+00 5.758047e-01
4.982566e+00 5.846108e-01
4.988849e+00 5.935111e-01
4.995132e+00 6.025035e-01
5.001416e+00 6.115859e-01
5.007699e+00 6.207562e-01
5.013982e+00 6.300123e-01
5.020265e+00 6.393518e-01
5.026548e+00 6.487728e-01
5.032831e+00 6.582730e-01
5.039115e+00 6.678501e-01
5.045398e+00 6.775021e-01
5.051681e+00 6.872266e-01
5.057964e+00 6.970214e-01
5.064247e+00 7.068844e-01
5.070531e+00 7.168132e-01
5.076814e+00 7.268056e-01
5.083097e+00 7.368593e-01
5.089380e+00 7.469722e-01
5.095663e+00 7.571418e-01
5.101946e+00 7.673659e-01
5.108230e+00 7.776423e-01
5.114513e+00 7.879687e-01
5.120796e+00 7.983427e-01
5.127079e+00 8.087621e-01
5.133362e+00 8.192245e-01
5.139646e+00 8.297278e-01
5.145929e+00 8.402695e-01
5.152212e+00 8.508475e-01
5.158495e+00 8.614594e-01
5.164778e+00 8.721029e-01
5.171062e+00 8.827757e-01
5.177345e+00 8.934757e-01
5.183628e+00 9.042003e-01
5.189911e+00 9.149475e-01
5.196194e+00 9.257150e-01
5.202477e+00 9.365004e-01
5.208761e+00 9.473016e-01
5.215044e+00 9.581162e-01
5.221327e+00 9.689421e-01
5.227610e+00 9.797770e-01
5.233893e+00 9.906187e-01
5.240177e+00 1.001465e+00
5.246460e+00 1.012314e+00
5.252743e+00 1.023163e+00
5.259026e+00 1.034010e+00
5.265309e+00 1.044852e+00
5.271592e+00 1.055689e+00
5.277876e+00 1.066517e+00
5.284159e+00 1.077335e+00
5.290442e+00 1.088140e+00
5.296725e+00 1.098931e+00
5.303008e+00 1.109704e+00
5.309292e+00 1.120459e+00
5.315575e+00 1.131193e+00
5.321858e+00 1.141905e+00
5.328141e+00 1.152592e+00
5.334424e+00 1.163252e+00
5.340708e+00 1.173883e+00
5.346991e+00 1.184484e+00
5.353274e+00 1.195052e+00
5.359557e+00 1.205586e+00
5.365840e+00 1.216084e+00
5.372123e+00 1.226543e+00
5.378407e+00 1.236963e+00
5.384690e+00 1.247342e+00
5.390973e+00 1.257677e+00
5.397256e+00 1.267967e+00
5.403539e+00 1.278211e+00
5.409823e+00 1.288406e+00
5.416106e+00 1.298551e+00
5.422389e+00 1.308645e+00
5.428672e+00 1.318686e+00
5.434955e+00 1.328672e+00
5.441238e+00 1.338602e+00
5.447522e+00 1.348474e+00
5.453805e+00 1.358287e+00
5.460088e+00 1.368040e+00
5.466371e+00 1.377731e+00
5.472654e+00 1.387359e+00
5.478938e+00 1.396923e+00
5.485221e+00 1.406421e+00
5.491504e+00 1.415852e+00
5.497787e+00 1.425215e+00
5.504070e+00 1.434509e+00
5.510354e+00 1.443732e+00
5.516637e+00 1.452884e+00
5.522920e+00 1.461964e+00
5.529203e+00 1.470970e+00
5.535486e+00 1.479901e+00
5.541769e+00 1.488758e+00
5.548053e+00 1.497538e+00
5.554336e+00 1.506241e+00
5.560619e+00 1.514866e+00
5.566902e+00 1.523412e+00
5.573185e+00 1.531879e+00
5.579469e+00 1.540266e+00
5.585752e+00 1.548572e+00
5.592035e+00 1.556796e+00
5.598318e+00 1.564939e+00
5.604601e+00 1.572999e+00
5.610884e+00 1.580977e+00
5.617168e+00 1.588870e+00
5.623451e+00 1.596681e+00
5.629734e+00 1.604406e+00
5.636017e+00 1.612048e+00
5.642300e+00 1.619604e+00
5.648584e+00 1.627076e+00
5.654867e+00 1.634462e+00
5.661150e+00 1.641763e+00
5.667433e+00 1.648978e+00
5.673716e+00 1.656107e+00
5.680000e+00 1.663151e+00
5.686283e+00 1.670109e+00
5.692566e+00 1.676981e+00
5.698849e+00 1.683768e+00
5.705132e+00 1.690468e+00
5.711415e+00 1.697084e+00
5.717699e+00 1.703614e+00
5.723982e+00 1.710059e+00
5.730265e+00 1.716420e+00
5.736548e+00 1.722695e+00
5.742831e+00 1.728887e+00
5.749115e+00 1.734994e+00
5.755398e+00 1.741018e+00
5.761681e+00 1.746959e+00
5.767964e+00 1.752817e+00
5.774247e+00 1.758593e+00
5.780530e+00 1.764287e+00
5.786814e+00 1.769900e+00
5.793097e+00 1.775432e+00
5.799380e+00 1.780884e+00
5.805663e+00 1.786257e+00
5.811946e+00 1.791550e+00
5.818230e+00 1.796766e+00
5.824513e+00 1.801904e+00
5.830796e+00 1.806965e+00
5.837079e+00 1.811949e+00
5.843362e+00 1.816859e+00
5.849646e+00 1.821693e+00
5.855929e+00 1.826454e+00
5.862212e+00 1.831141e+00
5.868495e+00 1.835756e+00
5.874778e+00 1.840300e+00
5.881061e+00 1.844772e+00
5.887345e+00 1.849175e+00
5.893628e+00 1.853508e+00
5.899911e+00 1.857773e+00
5.906194e+00 1.861970e+00
5.912477e+00 1.866100e+00
5.918761e+00 1.870165e+00
5.925044e+00 1.874164e+00
5.931327e+00 1.878099e+00
5.937610e+00 1.881970e+00
5.943893e+00 1.885778e+00
5.950176e+00 1.889524e+00
5.956460e+00 1.893209e+00
5.962743e+00 1.896833e+00
5.969026e+00 1.900397e+00
5.975309e+00 1.903902e+00
5.981592e+00 1.907348e+00
5.987876e+00 1.910736e+00
5.994159e+00 1.914067e+00
6.000442e+00 1.917340e+00
6.006725e+00 1.920557e+00
6.013008e+00 1.923718e+00
6.019292e+00 1.926824e+00
6.025575e+00 1.929874e+00
6.031858e+00 1.932869e+00
6.038141e+00 1.935809e+00
6.044424e+00 1.938695e+00
6.050707e+00 1.941526e+00
6.056991e+00 1.944303e+00
6.063274e+00 1.947026e+00
6.069557e+00 1.949694e+00
6.075840e+00 1.952307e+00
6.082123e+00 1.954866e+00
6.088407e+00 1.957369e+00
6.094690e+00 1.959816e+00
6.100973e+00 1.962208e+00
6.107256e+00 1.964542e+00
6.113539e+00 1.966818e+00
6.119822e+00 1.969037e+00
6.126106e+00 1.971195e+00
6.132389e+00 1.973293e+00
6.138672e+00 1.975329e+00
6.144955e+00 1.977302e+00
6.151238e+00 1.979211e+00
6.157522e+00 1.981053e+00
6.163805e+00 1.982827e+00
6.170088e+00 1.984532e+00
6.176371e+00 1.986164e+00
6.182654e+00 1.987722e+00
6.188938e+00 1.989204e+00
6.195221e+00 1.990606e+00
6.201504e+00 1.991926e+00
6.207787e+00 1.993161e+00
6.214070e+00 1.994309e+00
6.220353e+00 1.995364e+00
6.226637e+00 1.996325e+00
6.232920e+00 1.997187e+00
6.239203e+00 1.997946e+00
6.245486e+00 1.998599e+00
6.251769e+00 1.999140e+00
6.258053e+00 1.999564e+00
6.264336e+00 1.999868e+00
6.270619e+00 2.000046e+00
6.276902e+00 2.000092e+00
6.283185e+00 2.000000e+00
1.401361e+00