0.000000e+00
6.283185e-01
1.256637e+00
1.884956e+00
2.513274e+00
3.141593e+00
3.769911e+00
4.398230e+00
5.026548e+00
5.654867e+00
6.283185e+00
0.000000e+00
6.283185e-03
1.256637e-02
1.884956e-02
2.513274e-02
3.141593e-02
3.769911e-02
4.398230e-02
5.026548e-02
5.654867e-02
6.283185e-02
6.911504e-02
7.539822e-02
8.168141e-02
8.796459e-02
9.424778e-02
1.005310e-01
1.068142e-01
1.130973e-01
1.193805e-01
1.256637e-01
1.319469e-01
1.382301e-01
1.445133e-01
1.507964e-01
1.570796e-01
1.633628e-01
1.696460e-01
1.759292e-01
1.822124e-01
1.884956e-01
1.947787e-01
2.010619e-01
2.073451e-01
2.136283e-01
2.199115e-01
2.261947e-01
2.324779e-01
2.387610e-01
2.450442e-01
2.513274e-01
2.576106e-01
2.638938e-01
2.701770e-01
2.764602e-01
2.827433e-01
2.890265e-01
2.953097e-01
3.015929e-01
3.078761e-01
3.141593e-01
3.204425e-01
3.267256e-01
3.330088e-01
3.392920e-01
3.455752e-01
3.518584e-01
3.581416e-01
3.644247e-01
3.707079e-01
3.769911e-01
3.832743e-01
3.895575e-01
3.958407e-01
4.021239e-01
4.084070e-01
4.146902e-01
4.209734e-01
4.272566e-01
4.335398e-01
4.398230e-01
4.461062e-01
4.523893e-01
4.586725e-01
4.649557e-01
4.712389e-01
4.775221e-01
4.838053e-01
4.900885e-01
4.963716e-01
5.026548e-01
5.089380e-01
5.152212e-01
5.215044e-01
5.277876e-01
5.340708e-01
5.403539e-01
5.466371e-01
5.529203e-01
5.592035e-01
5.654867e-01
5.717699e-01
5.780530e-01
5.843362e-01
5.906194e-01
5.969026e-01
6.031858e-01
6.094690e-01
6.157522e-01
6.220353e-01
6.283185e-01
6.346017e-01
6.408849e-01
6.471681e-01
6.534513e-01
6.597345e-01
6.660176e-01
6.723008e-01
6.785840e-01
6.848672e-01
6.911504e-01
6.974336e-01
7.037168e-01
7.099999e-01
7.162831e-01
7.225663e-01
7.288495e-01
7.351327e-01
7.414159e-01
7.476991e-01
7.539822e-01
7.602654e-01
7.665486e-01
7.728318e-01
7.791150e-01
7.853982e-01
7.916813e-01
7.979645e-01
8.042477e-01
8.105309e-01
8.168141e-01
8.230973e-01
8.293805e-01
8.356636e-01
8.419468e-01
8.482300e-01
8.545132e-01
8.607964e-01
8.670796e-01
8.733628e-01
8.796459e-01
8.859291e-01
8.922123e-01
8.984955e-01
9.047787e-01
9.110619e-01
9.173451e-01
9.236282e-01
9.299114e-01
9.361946e-01
9.424778e-01
9.487610e-01
9.550442e-01
9.613274e-01
9.676105e-01
9.738937e-01
9.801769e-01
9.864601e-01
9.927433e-01
9.990265e-01
1.005310e+00
1.011593e+00
1.017876e+00
1.024159e+00
1.030442e+00
1.036726e+00
1.043009e+00
1.049292e+00
1.055575e+00
1.061858e+00
1.068142e+00
1.074425e+00
1.080708e+00
1.086991e+00
1.093274e+00
1.099557e+00
1.105841e+00
1.112124e+00
1.118407e+00
1.124690e+00
1.130973e+00
1.137257e+00
1.143540e+00
1.149823e+00
1.156106e+00
1.162389e+00
1.168672e+00
1.174956e+00
1.181239e+00
1.187522e+00
1.193805e+00
1.200088e+00
1.206372e+00
1.212655e+00
1.218938e+00
1.225221e+00
1.231504e+00
1.237788e+00
1.244071e+00
1.250354e+00
1.256637e+00
1.262920e+00
1.269203e+00
1.275487e+00
1.281770e+00
1.288053e+00
1.294336e+00
1.300619e+00
1.306903e+00
1.313186e+00
1.319469e+00
1.325752e+00
1.332035e+00
1.338318e+00
1.344602e+00
1.350885e+00
1.357168e+00
1.363451e+00
1.369734e+00
1.376018e+00
1.382301e+00
1.388584e+00
1.394867e+00
1.401150e+00
1.407434e+00
1.413717e+00
1.420000e+00
1.426283e+00
1.432566e+00
1.438849e+00
1.445133e+00
1.451416e+00
1.457699e+00
1.463982e+00
1.470265e+00
1.476549e+00
1.482832e+00
1.489115e+00
1.495398e+00
1.501681e+00
1.507964e+00
1.514248e+00
1.520531e+00
1.526814e+00
1.533097e+00
1.539380e+00
1.545664e+00
1.551947e+00
1.558230e+00
1.564513e+00
1.570796e+00
1.577080e+00
1.583363e+00
1.589646e+00
1.595929e+00
1.602212e+00
1.608495e+00
1.614779e+00
1.621062e+00
1.627345e+00
1.633628e+00
1.639911e+00
1.646195e+00
1.652478e+00
1.658761e+00
1.665044e+00
1.671327e+00
1.677610e+00
1.683894e+00
1.690177e+00
1.696460e+00
1.702743e+00
1.709026e+00
1.715310e+00
1.721593e+00
1.727876e+00
1.734159e+00
1.740442e+00
1.746726e+00
1.753009e+00
1.759292e+00
1.765575e+00
1.771858e+00
1.778141e+00
1.784425e+00
1.790708e+00
1.796991e+00
1.803274e+00
1.809557e+00
1.815841e+00
1.822124e+00
1.828407e+00
1.834690e+00
1.840973e+00
1.847256e+00
1.853540e+00
1.859823e+00
1.866106e+00
1.872389e+00
1.878672e+00
1.884956e+00
1.891239e+00
1.897522e+00
1.903805e+00
1.910088e+00
1.916372e+00
1.922655e+00
1.928938e+00
1.935221e+00
1.941504e+00
1.947787e+00
1.954071e+00
1.960354e+00
1.966637e+00
1.972920e+00
1.979203e+00
1.985487e+00
1.991770e+00
1.998053e+00
2.004336e+00
2.010619e+00
2.016902e+00
2.023186e+00
2.029469e+00
2.035752e+00
2.042035e+00
2.048318e+00
2.054602e+00
2.060885e+00
2.067168e+00
2.073451e+00
2.079734e+00
2.086018e+00
2.092301e+00
2.098584e+00
2.104867e+00
2.111150e+00
2.117433e+00
2.123717e+00
2.130000e+00
2.136283e+00
2.142566e+00
2.148849e+00
2.155133e+00
2.161416e+00
2.167699e+00
2.173982e+00
2.180265e+00
2.186548e+00
2.192832e+00
2.199115e+00
2.205398e+00
2.211681e+00
2.217964e+00
2.224248e+00
2.230531e+00
2.236814e+00
2.243097e+00
2.249380e+00
2.255664e+00
2.261947e+00
2.268230e+00
2.274513e+00
2.280796e+00
2.287079e+00
2.293363e+00
2.299646e+00
2.305929e+00
2.312212e+00
2.318495e+00
2.324779e+00
2.331062e+00
2.337345e+00
2.343628e+00
2.349911e+00
2.356194e+00
2.362478e+00
2.368761e+00
2.375044e+00
2.381327e+00
2.387610e+00
2.393894e+00
2.400177e+00
2.406460e+00
2.412743e+00
2.419026e+00
2.425310e+00
2.431593e+00
2.437876e+00
2.444159e+00
2.450442e+00
2.456725e+00
2.463009e+00
2.469292e+00
2.475575e+00
2.481858e+00
2.488141e+00
2.494425e+00
2.500708e+00
2.506991e+00
2.513274e+00
2.519557e+00
2.525840e+00
2.532124e+00
2.538407e+00
2.544690e+00
2.550973e+00
2.557256e+00
2.563540e+00
2.569823e+00
2.576106e+00
2.582389e+00
2.588672e+00
2.594956e+00
2.601239e+00
2.607522e+00
2.613805e+00
2.620088e+00
2.626371e+00
2.632655e+00
2.638938e+00
2.645221e+00
2.651504e+00
2.657787e+00
2.664071e+00
2.670354e+00
2.676637e+00
2.682920e+00
2.689203e+00
2.695486e+00
2.701770e+00
2.708053e+00
2.714336e+00
2.720619e+00
2.726902e+00
2.733186e+00
2.739469e+00
2.745752e+00
2.752035e+00
2.758318e+00
2.764602e+00
2.770885e+00
2.777168e+00
2.783451e+00
2.789734e+00
2.796017e+00
2.802301e+00
2.808584e+00
2.814867e+00
2.821150e+00
2.827433e+00
2.833717e+00
2.840000e+00
2.846283e+00
2.852566e+00
2.858849e+00
2.865133e+00
2.871416e+00
2.877699e+00
2.883982e+00
2.890265e+00
2.896548e+00
2.902832e+00
2.909115e+00
2.915398e+00
2.921681e+00
2.927964e+00
2.934248e+00
2.940531e+00
2.946814e+00
2.953097e+00
2.959380e+00
2.965663e+00
2.971947e+00
2.978230e+00
2.984513e+00
2.990796e+00
2.997079e+00
3.003363e+00
3.009646e+00
3.015929e+00
3.022212e+00
3.028495e+00
3.034779e+00
3.041062e+00
3.047345e+00
3.053628e+00
3.059911e+00
3.066194e+00
3.072478e+00
3.078761e+00
3.085044e+00
3.091327e+00
3.097610e+00
3.103894e+00
3.110177e+00
3.116460e+00
3.122743e+00
3.129026e+00
3.135309e+00
3.141593e+00
3.147876e+00
3.154159e+00
3.160442e+00
3.166725e+00
3.173009e+00
3.179292e+00
3.185575e+00
3.191858e+00
3.198141e+00
3.204425e+00
3.210708e+00
3.216991e+00
3.223274e+00
3.229557e+00
3.235840e+00
3.242124e+00
3.248407e+00
3.254690e+00
3.260973e+00
3.267256e+00
3.273540e+00
3.279823e+00
3.286106e+00
3.292389e+00
3.298672e+00
3.304955e+00
3.311239e+00
3.317522e+00
3.323805e+00
3.330088e+00
3.336371e+00
3.342655e+00
3.348938e+00
3.355221e+00
3.361504e+00
3.367787e+00
3.374071e+00
3.380354e+00
3.386637e+00
3.392920e+00
3.399203e+00
3.405486e+00
3.411770e+00
3.418053e+00
3.424336e+00
3.430619e+00
3.436902e+00
3.443186e+00
3.449469e+00
3.455752e+00
3.462035e+00
3.468318e+00
3.474601e+00
3.480885e+00
3.487168e+00
3.493451e+00
3.499734e+00
3.506017e+00
3.512301e+00
3.518584e+00
3.524867e+00
3.531150e+00
3.537433e+00
3.543717e+00
3.550000e+00
3.556283e+00
3.562566e+00
3.568849e+00
3.575132e+00
3.581416e+00
3.587699e+00
3.593982e+00
3.600265e+00
3.606548e+00
3.612832e+00
3.619115e+00
3.625398e+00
3.631681e+00
3.637964e+00
3.644247e+00
3.650531e+00
3.656814e+00
3.663097e+00
3.669380e+00
3.675663e+00
3.681947e+00
3.688230e+00
3.694513e+00
3.700796e+00
3.707079e+00
3.713363e+00
3.719646e+00
3.725929e+00
3.732212e+00
3.738495e+00
3.744778e+00
3.751062e+00
3.757345e+00
3.763628e+00
3.769911e+00
3.776194e+00
3.782478e+00
3.788761e+00
3.795044e+00
3.801327e+00
3.807610e+00
3.813893e+00
3.820177e+00
3.826460e+00
3.832743e+00
3.839026e+00
3.845309e+00
3.851593e+00
3.857876e+00
3.864159e+00
3.870442e+00
3.876725e+00
3.883009e+00
3.889292e+00
3.895575e+00
3.901858e+00
3.908141e+00
3.914424e+00
3.920708e+00
3.926991e+00
3.933274e+00
3.939557e+00
3.945840e+00
3.952124e+00
3.958407e+00
3.964690e+00
3.970973e+00
3.977256e+00
3.983539e+00
3.989823e+00
3.996106e+00
4.002389e+00
4.008672e+00
4.014955e+00
4.021239e+00
4.027522e+00
4.033805e+00
4.040088e+00
4.046371e+00
4.052655e+00
4.058938e+00
4.065221e+00
4.071504e+00
4.077787e+00
4.084070e+00
4.090354e+00
4.096637e+00
4.102920e+00
4.109203e+00
4.115486e+00
4.121770e+00
4.128053e+00
4.134336e+00
4.140619e+00
4.146902e+00
4.153185e+00
4.159469e+00
4.165752e+00
4.172035e+00
4.178318e+00
4.184601e+00
4.190885e+00
4.197168e+00
4.203451e+00
4.209734e+00
4.216017e+00
4.222301e+00
4.228584e+00
4.234867e+00
4.241150e+00
4.247433e+00
4.253716e+00
4.260000e+00
4.266283e+00
4.272566e+00
4.278849e+00
4.285132e+00
4.291416e+00
4.297699e+00
4.303982e+00
4.310265e+00
4.316548e+00
4.322831e+00
4.329115e+00
4.335398e+00
4.341681e+00
4.347964e+00
4.354247e+00
4.360531e+00
4.366814e+00
4.373097e+00
4.379380e+00
4.385663e+00
4.391947e+00
4.398230e+00
4.404513e+00
4.410796e+00
4.417079e+00
4.423362e+00
4.429646e+00
4.435929e+00
4.442212e+00
4.448495e+00
4.454778e+00
4.461062e+00
4.467345e+00
4.473628e+00
4.479911e+00
4.486194e+00
4.492477e+00
4.498761e+00
4.505044e+00
4.511327e+00
4.517610e+00
4.523893e+00
4.530177e+00
4.536460e+00
4.542743e+00
4.549026e+00
4.555309e+00
4.561593e+00
4.567876e+00
4.574159e+00
4.580442e+00
4.586725e+00
4.593008e+00
4.599292e+00
4.605575e+00
4.611858e+00
4.618141e+00
4.624424e+00
4.630708e+00
4.636991e+00
4.643274e+00
4.649557e+00
4.655840e+00
4.662123e+00
4.668407e+00
4.674690e+00
4.680973e+00
4.687256e+00
4.693539e+00
4.699823e+00
4.706106e+00
4.712389e+00
4.718672e+00
4.724955e+00
4.731239e+00
4.737522e+00
4.743805e+00
4.750088e+00
4.756371e+00
4.762654e+00
4.768938e+00
4.775221e+00
4.781504e+00
4.787787e+00
4.794070e+00
4.800354e+00
4.806637e+00
4.812920e+00
4.819203e+00
4.825486e+00
4.831770e+00
4.838053e+00
4.844336e+00
4.850619e+00
4.856902e+00
4.863185e+00
4.869469e+00
4.875752e+00
4.882035e+00
4.888318e+00
4.894601e+00
4.900885e+00
4.907168e+00
4.913451e+00
4.919734e+00
4.926017e+00
4.932300e+00
4.938584e+00
4.944867e+00
4.951150e+00
4.957433e+00
4.963716e+00
4.970000e+00
4.976283e+00
4.982566e+00
4.988849e+00
4.995132e+00
5.001416e+00
5.007699e+00
5.013982e+00
5.020265e+00
5.026548e+00
5.032831e+00
5.039115e+00
5.045398e+00
5.051681e+00
5.057964e+00
5.064247e+00
5.070531e+00
5.076814e+00
5.083097e+00
5.089380e+00
5.095663e+00
5.101946e+00
5.108230e+00
5.114513e+00
5.120796e+00
5.127079e+00
5.133362e+00
5.139646e+00
5.145929e+00
5.152212e+00
5.158495e+00
5.164778e+00
5.171062e+00
5.177345e+00
5.183628e+00
5.189911e+00
5.196194e+00
5.202477e+00
5.208761e+00
5.215044e+00
5.221327e+00
5.227610e+00
5.233893e+00
5.240177e+00
5.246460e+00
5.252743e+00
5.259026e+00
5.265309e+00
5.271592e+00
5.277876e+00
5.284159e+00
5.290442e+00
5.296725e+00
5.303008e+00
5.309292e+00
5.315575e+00
5.321858e+00
5.328141e+00
5.334424e+00
5.340708e+00
5.346991e+00
5.353274e+00
5.359557e+00
5.365840e+00
5.372123e+00
5.378407e+00
5.384690e+00
5.390973e+00
5.397256e+00
5.403539e+00
5.409823e+00
5.416106e+00
5.422389e+00
5.428672e+00
5.434955e+00
5.441238e+00
5.447522e+00
5.453805e+00
5.460088e+00
5.466371e+00
5.472654e+00
5.478938e+00
5.485221e+00
5.491504e+00
5.497787e+00
5.504070e+00
5.510354e+00
5.516637e+00
5.522920e+00
5.529203e+00
5.535486e+00
5.541769e+00
5.548053e+00
5.554336e+00
5.560619e+00
5.566902e+00
5.573185e+00
5.579469e+00
5.585752e+00
5.592035e+00
5.598318e+00
5.604601e+00
5.610884e+00
5.617168e+00
5.623451e+00
5.629734e+00
5.636017e+00
5.642300e+00
5.648584e+00
5.654867e+00
5.661150e+00
5.667433e+00
5.673716e+00
5.680000e+00
5.686283e+00
5.692566e+00
5.698849e+00
5.705132e+00
5.711415e+00
5.717699e+00
5.723982e+00
5.730265e+00
5.736548e+00
5.742831e+00
5.749115e+00
5.755398e+00
5.761681e+00
5.767964e+00
5.774247e+00
5.780530e+00
5.786814e+00
5.793097e+00
5.799380e+00
5.805663e+00
5.811946e+00
5.818230e+00
5.824513e+00
5.830796e+00
5.837079e+00
5.843362e+00
5.849646e+00
5.855929e+00
5.862212e+00
5.868495e+00
5.874778e+00
5.881061e+00
5.887345e+00
5.893628e+00
5.899911e+00
5.906194e+00
5.912477e+00
5.918761e+00
5.925044e+00
5.931327e+00
5.937610e+00
5.943893e+00
5.950176e+00
5.956460e+00
5.962743e+00
5.969026e+00
5.975309e+00
5.981592e+00
5.987876e+00
5.994159e+00
6.000442e+00
6.006725e+00
6.013008e+00
6.019292e+00
6.025575e+00
6.031858e+00
6.038141e+00
6.044424e+00
6.050707e+00
6.056991e+00
6.063274e+00
6.069557e+00
6.075840e+00
6.082123e+00
6.088407e+00
6.094690e+00
6.100973e+00
6.107256e+00
6.113539e+00
6.119822e+00
6.126106e+00
6.132389e+00
6.138672e+00
6.144955e+00
6.151238e+00
6.157522e+00
6.163805e+00
6.170088e+00
6.176371e+00
6.182654e+00
6.188938e+00
6.195221e+00
6.201504e+00
6.207787e+00
6.214070e+00
6.220353e+00
6.226637e+00
6.232920e+00
6.239203e+00
6.245486e+00
6.251769e+00
6.258053e+00
6.264336e+00
6.270619e+00
6.276902e+00
6.283185e+00
2.000000e+00
1.999958e+00
1.999838e+00
1.999638e+00
1.999360e+00
1.999003e+00
1.998567e+00
1.998052e+00
1.997459e+00
1.996787e+00
1.996036e+00
1.995206e+00
1.994298e+00
1.993311e+00
1.992246e+00
1.991102e+00
1.989879e+00
1.988578e+00
1.987199e+00
1.985741e+00
1.984204e+00
1.982590e+00
1.980897e+00
1.979126e+00
1.977277e+00
1.975351e+00
1.973346e+00
1.971263e+00
1.969102e+00
1.966864e+00
1.964548e+00
1.962155e+00
1.959684e+00
1.957136e+00
1.954511e+00
1.951808e+00
1.949029e+00
1.946172e+00
1.943239e+00
1.940229e+00
1.937143e+00
1.933980e+00
1.930740e+00
1.927425e+00
1.924033e+00
1.920566e+00
1.917022e+00
1.913403e+00
1.909709e+00
1.905939e+00
1.902094e+00
1.898173e+00
1.894178e+00
1.890108e+00
1.885964e+00
1.881745e+00
1.877451e+00
1.873084e+00
1.868642e+00
1.864127e+00
1.859539e+00
1.854876e+00
1.850141e+00
1.845333e+00
1.840451e+00
1.835497e+00
1.830471e+00
1.825372e+00
1.820201e+00
1.814959e+00
1.809644e+00
1.804259e+00
1.798802e+00
1.793274e+00
1.787675e+00
1.782005e+00
1.776266e+00
1.770456e+00
1.764576e+00
1.758627e+00
1.752608e+00
1.746520e+00
1.740363e+00
1.734137e+00
1.727843e+00
1.721480e+00
1.715050e+00
1.708552e+00
1.701986e+00
1.695353e+00
1.688653e+00
1.681887e+00
1.675054e+00
1.668155e+00
1.661190e+00
1.654160e+00
1.647064e+00
1.639904e+00
1.632678e+00
1.625388e+00
1.618034e+00
1.610616e+00
1.603134e+00
1.595589e+00
1.587982e+00
1.580311e+00
1.572578e+00
1.564783e+00
1.556926e+00
1.549008e+00
1.541028e+00
1.532988e+00
1.524887e+00
1.516726e+00
1.508505e+00
1.500224e+00
1.491884e+00
1.483486e+00
1.475029e+00
1.466513e+00
1.457940e+00
1.449309e+00
1.440621e+00
1.431876e+00
1.423074e+00
1.414216e+00
1.405303e+00
1.396334e+00
1.387309e+00
1.378230e+00
1.369097e+00
1.359910e+00
1.350668e+00
1.341374e+00
1.332027e+00
1.322627e+00
1.313174e+00
1.303670e+00
1.294115e+00
1.284508e+00
1.274851e+00
1.265143e+00
1.255385e+00
1.245578e+00
1.235722e+00
1.225817e+00
1.215863e+00
1.205862e+00
1.195812e+00
1.185716e+00
1.175573e+00
1.165383e+00
1.155148e+00
1.144867e+00
1.134540e+00
1.124169e+00
1.113753e+00
1.103294e+00
1.092791e+00
1.082244e+00
1.071656e+00
1.061024e+00
1.050351e+00
1.039636e+00
1.028881e+00
1.018084e+00
1.007248e+00
9.963718e-01
9.854562e-01
9.745017e-01
9.635087e-01
9.524777e-01
9.414091e-01
9.303034e-01
9.191609e-01
9.079821e-01
8.967675e-01
8.855175e-01
8.742325e-01
8.629130e-01
8.515594e-01
8.401723e-01
8.287519e-01
8.172989e-01
8.058135e-01
7.942964e-01
7.827479e-01
7.711685e-01
7.595587e-01
7.479188e-01
7.362495e-01
7.245511e-01
7.128241e-01
7.010689e-01
6.892861e-01
6.774760e-01
6.656392e-01
6.537762e-01
6.418873e-01
6.299731e-01
6.180340e-01
6.060705e-01
5.940831e-01
5.820722e-01
5.700384e-01
5.579821e-01
5.459037e-01
5.338038e-01
5.216828e-01
5.095412e-01
4.973795e-01
4.851982e-01
4.729977e-01
4.607785e-01
4.485412e-01
4.362861e-01
4.240138e-01
4.117248e-01
3.994195e-01
3.870985e-01
3.747622e-01
3.624111e-01
3.500456e-01
3.376664e-01
3.252738e-01
3.128684e-01
3.004507e-01
2.880210e-01
2.755800e-01
2.631282e-01
2.506659e-01
2.381938e-01
2.257122e-01
2.132217e-01
2.007229e-01
1.882161e-01
1.757018e-01
1.631807e-01
1.506530e-01
1.381195e-01
1.255805e-01
1.130365e-01
1.004881e-01
8.793568e-02
7.537982e-02
6.282097e-02
5.025965e-02
3.769635e-02
2.513155e-02
1.256577e-02
-5.135381e-07
-1.256679e-02
-2.513258e-02
-3.769737e-02
-5.026067e-02
-6.282199e-02
-7.538083e-02
-8.793669e-02
-1.004891e-01
-1.130375e-01
-1.255815e-01
-1.381205e-01
-1.506540e-01
-1.631816e-01
-1.757028e-01
-1.882170e-01
-2.007238e-01
-2.132227e-01
-2.257131e-01
-2.381946e-01
-2.506668e-01
-2.631290e-01
-2.755809e-01
-2.880218e-01
-3.004515e-01
-3.128692e-01
-3.252746e-01
-3.376671e-01
-3.500463e-01
-3.624117e-01
-3.747628e-01
-3.870991e-01
-3.994201e-01
-4.117254e-01
-4.240144e-01
-4.362866e-01
-4.485417e-01
-4.607790e-01
-4.729981e-01
-4.851986e-01
-4.973799e-01
-5.095415e-01
-5.216831e-01
-5.338040e-01
-5.459039e-01
-5.579823e-01
-5.700386e-01
-5.820724e-01
-5.940832e-01
-6.060705e-01
-6.180340e-01
-6.299730e-01
-6.418872e-01
-6.537760e-01
-6.656391e-01
-6.774758e-01
-6.892858e-01
-7.010686e-01
-7.128237e-01
-7.245507e-01
-7.362490e-01
-7.479183e-01
-7.595581e-01
-7.711679e-01
-7.827472e-01
-7.942957e-01
-8.058128e-01
-8.172980e-01
-8.287510e-01
-8.401713e-01
-8.515585e-01
-8.629120e-01
-8.742314e-01
-8.855163e-01
-8.967663e-01
-9.079809e-01
-9.191596e-01
-9.303020e-01
-9.414077e-01
-9.524763e-01
-9.635072e-01
-9.745001e-01
-9.854545e-01
-9.963701e-01
-1.007246e+00
-1.018083e+00
-1.028879e+00
-1.039635e+00
-1.050349e+00
-1.061022e+00
-1.071653e+00
-1.082242e+00
-1.092789e+00
-1.103292e+00
-1.113751e+00
-1.124167e+00
-1.134538e+00
-1.144864e+00
-1.155145e+00
-1.165381e+00
-1.175570e+00
-1.185713e+00
-1.195810e+00
-1.205859e+00
-1.215860e+00
-1.225814e+00
-1.235719e+00
-1.245575e+00
-1.255383e+00
-1.265140e+00
-1.274848e+00
-1.284505e+00
-1.294112e+00
-1.303667e+00
-1.313171e+00
-1.322624e+00
-1.332024e+00
-1.341371e+00
-1.350666e+00
-1.359907e+00
-1.369094e+00
-1.378228e+00
-1.387307e+00
-1.396331e+00
-1.405300e+00
-1.414213e+00
-1.423071e+00
-1.431873e+00
-1.440618e+00
-1.449306e+00
-1.457937e+00
-1.466511e+00
-1.475026e+00
-1.483483e+00
-1.491882e+00
-1.500222e+00
-1.508503e+00
-1.516724e+00
-1.524885e+00
-1.532986e+00
-1.541026e+00
-1.549006e+00
-1.556925e+00
-1.564782e+00
-1.572577e+00
-1.580310e+00
-1.587981e+00
-1.595589e+00
-1.603134e+00
-1.610616e+00
-1.618034e+00
-1.625388e+00
-1.632679e+00
-1.639904e+00
-1.647065e+00
-1.654161e+00
-1.661192e+00
-1.668157e+00
-1.675056e+00
-1.681889e+00
-1.688656e+00
-1.695356e+00
-1.701989e+00
-1.708555e+00
-1.715053e+00
-1.721484e+00
-1.727847e+00
-1.734141e+00
-1.740368e+00
-1.746525e+00
-1.752613e+00
-1.758633e+00
-1.764582e+00
-1.770463e+00
-1.776273e+00
-1.782013e+00
-1.787683e+00
-1.793282e+00
-1.798811e+00
-1.804268e+00
-1.809654e+00
-1.814969e+00
-1.820212e+00
-1.825383e+00
-1.830482e+00
-1.835509e+00
-1.840464e+00
-1.845346e+00
-1.850154e+00
-1.854890e+00
-1.859553e+00
-1.864142e+00
-1.868658e+00
-1.873100e+00
-1.877468e+00
-1.881762e+00
-1.885981e+00
-1.890126e+00
-1.894197e+00
-1.898192e+00
-1.902113e+00
-1.905959e+00
-1.909729e+00
-1.913424e+00
-1.917044e+00
-1.920587e+00
-1.924055e+00
-1.927447e+00
-1.930763e+00
-1.934003e+00
-1.937166e+00
-1.940253e+00
-1.943263e+00
-1.946197e+00
-1.949054e+00
-1.951834e+00
-1.954536e+00
-1.957162e+00
-1.959710e+00
-1.962181e+00
-1.964575e+00
-1.966890e+00
-1.969129e+00
-1.971289e+00
-1.973372e+00
-1.975377e+00
-1.977304e+00
-1.979152e+00
-1.980923e+00
-1.982615e+00
-1.984229e+00
-1.985765e+00
-1.987223e+00
-1.988602e+00
-1.989902e+00
-1.991124e+00
-1.992267e+00
-1.993332e+00
-1.994318e+00
-1.995225e+00
-1.996053e+00
-1.996803e+00
-1.997474e+00
-1.998066e+00
-1.998579e+00
-1.999013e+00
-1.999368e+00
-1.999645e+00
-1.999842e+00
-1.999961e+00
-2.000000e+00
-1.999961e+00
-1.999842e+00
-1.999645e+00
-1.999368e+00
-1.999013e+00
-1.998579e+00
-1.998066e+00
-1.997474e+00
-1.996803e+00
-1.996053e+00
-1.995225e+00
-1.994318e+00
-1.993332e+00
-1.992267e+00
-1.991124e+00
-1.989902e+00
-1.988602e+00
-1.987223e+00
-1.985765e+00
-1.984229e+00
-1.982615e+00
-1.980923e+00
-1.979152e+00
-1.977304e+00
-1.975377e+00
-1.973372e+00
-1.971289e+00
-1.969129e+00
-1.966890e+00
-1.964575e+00
-1.962181e+00
-1.959710e+00
-1.957162e+00
-1.954536e+00
-1.951834e+00
-1.949054e+00
-1.946197e+00
-1.943263e+00
-1.940253e+00
-1.937166e+00
-1.934003e+00
-1.930763e+00
-1.927447e+00
-1.924055e+00
-1.920587e+00
-1.917044e+00
-1.913424e+00
-1.909729e+00
-1.905959e+00
-1.902113e+00
-1.898192e+00
-1.894197e+00
-1.890126e+00
-1.885981e+00
-1.881762e+00
-1.877468e+00
-1.873100e+00
-1.868658e+00
-1.864142e+00
-1.859553e+00
-1.854890e+00
-1.850154e+00
-1.845346e+00
-1.840464e+00
-1.835509e+00
-1.830482e+00
-1.825383e+00
-1.820212e+00
-1.814969e+00
-1.809654e+00
-1.804268e+00
-1.798811e+00
-1.793282e+00
-1.787683e+00
-1.782013e+00
-1.776273e+00
-1.770463e+00
-1.764582e+00
-1.758633e+00
-1.752613e+00
-1.746525e+00
-1.740368e+00
-1.734141e+00
-1.727847e+00
-1.721484e+00
-1.715053e+00
-1.708555e+00
-1.701989e+00
-1.695356e+00
-1.688656e+00
-1.681889e+00
-1.675056e+00
-1.668157e+00
-1.661192e+00
-1.654161e+00
-1.647065e+00
-1.639904e+00
-1.632679e+00
-1.625388e+00
-1.618034e+00
-1.610616e+00
-1.603134e+00
-1.595589e+00
-1.587981e+00
-1.580310e+00
-1.572577e+00
-1.564782e+00
-1.556925e+00
-1.549006e+00
-1.541026e+00
-1.532986e+00
-1.524885e+00
-1.516724e+00
-1.508503e+00
-1.500222e+00
-1.491882e+00
-1.483483e+00
-1.475026e+00
-1.466511e+00
-1.457937e+00
-1.449306e+00
-1.440618e+00
-1.431873e+00
-1.423071e+00
-1.414213e+00
-1.405300e+00
-1.396331e+00
-1.387307e+00
-1.378228e+00
-1.369094e+00
-1.359907e+00
-1.350666e+00
-1.341371e+00
-1.332024e+00
-1.322624e+00
-1.313171e+00
-1.303667e+00
-1.294112e+00
-1.284505e+00
-1.274848e+00
-1.265140e+00
-1.255383e+00
-1.245575e+00
-1.235719e+00
-1.225814e+00
-1.215860e+00
-1.205859e+00
-1.195810e+00
-1.185713e+00
-1.175570e+00
-1.165381e+00
-1.155145e+00
-1.144864e+00
-1.134538e+00
-1.124167e+00
-1.113751e+00
-1.103292e+00
-1.092789e+00
-1.082242e+00
-1.071653e+00
-1.061022e+00
-1.050349e+00
-1.039635e+00
-1.028879e+00
-1.018083e+00
-1.007246e+00
-9.963701e-01
-9.854545e-01
-9.745001e-01
-9.635072e-01
-9.524763e-01
-9.414077e-01
-9.303020e-01
-9.191596e-01
-9.079809e-01
-8.967663e-01
-8.855163e-01
-8.742314e-01
-8.629120e-01
-8.515585e-01
-8.401713e-01
-8.287510e-01
-8.172980e-01
-8.058128e-01
-7.942957e-01
-7.827472e-01
-7.711679e-01
-7.595581e-01
-7.479183e-01
-7.362490e-01
-7.245507e-01
-7.128237e-01
-7.010686e-01
-6.892858e-01
-6.774758e-01
-6.656391e-01
-6.537760e-01
-6.418872e-01
-6.299730e-01
-6.180340e-01
-6.060705e-01
-5.940832e-01
-5.820724e-01
-5.700386e-01
-5.579823e-01
-5.459039e-01
-5.338040e-01
-5.216831e-01
-5.095415e-01
-4.973799e-01
-4.851986e-01
-4.729981e-01
-4.607790e-01
-4.485417e-01
-4.362866e-01
-4.240144e-01
-4.117254e-01
-3.994201e-01
-3.870991e-01
-3.747628e-01
-3.624117e-01
-3.500463e-01
-3.376671e-01
-3.252746e-01
-3.128692e-01
-3.004515e-01
-2.880218e-01
-2.755809e-01
-2.631290e-01
-2.506668e-01
-2.381946e-01
-2.257131e-01
-2.132227e-01
-2.007238e-01
-1.882170e-01
-1.757028e-01
-1.631816e-01
-1.506540e-01
-1.381205e-01
-1.255815e-01
-1.130375e-01
-1.004891e-01
-8.793669e-02
-7.538083e-02
-6.282199e-02
-5.026067e-02
-3.769737e-02
-2.513258e-02
-1.256679e-02
-5.135381e-07
1.256577e-02
2.513155e-02
3.769635e-02
5.025965e-02
6.282097e-02
7.537982e-02
8.793568e-02
1.004881e-01
1.130365e-01
1.255805e-01
1.381195e-01
1.506530e-01
1.631807e-01
1.757018e-01
1.882161e-01
2.007229e-01
2.132217e-01
2.257122e-01
2.381938e-01
2.506659e-01
2.631282e-01
2.755800e-01
2.880210e-01
3.004507e-01
3.128684e-01
3.252738e-01
3.376664e-01
3.500456e-01
3.624111e-01
3.747622e-01
3.870985e-01
3.994195e-01
4.117248e-01
4.240138e-01
4.362861e-01
4.485412e-01
4.607785e-01
4.729977e-01
4.851982e-01
4.973795e-01
5.095412e-01
5.216828e-01
5.338038e-01
5.459037e-01
5.579821e-01
5.700384e-01
5.820722e-01
5.940831e-01
6.060705e-01
6.180340e-01
6.299731e-01
6.418873e-01
6.537762e-01
6.656392e-01
6.774760e-01
6.892861e-01
7.010689e-01
7.128241e-01
7.245511e-01
7.362495e-01
7.479188e-01
7.595587e-01
7.711685e-01
7.827479e-01
7.942964e-01
8.058135e-01
8.172989e-01
8.287519e-01
8.401723e-01
8.515594e-01
8.629130e-01
8.742325e-01
8.855175e-01
8.967675e-01
9.079821e-01
9.191609e-01
9.303034e-01
9.414091e-01
9.524777e-01
9.635087e-01
9.745017e-01
9.854562e-01
9.963718e-01
1.007248e+00
1.018084e+00
1.028881e+00
1.039636e+00
1.050351e+00
1.061024e+00
1.071656e+00
1.082244e+00
1.092791e+00
1.103294e+00
1.113753e+00
1.124169e+00
1.134540e+00
1.144867e+00
1.155148e+00
1.165383e+00
1.175573e+00
1.185716e+00
1.195812e+00
1.205862e+00
1.215863e+00
1.225817e+00
1.235722e+00
1.245578e+00
1.255385e+00
1.265143e+00
1.274851e+00
1.284508e+00
1.294115e+00
1.303670e+00
1.313174e+00
1.322627e+00
1.332027e+00
1.341374e+00
1.350668e+00
1.359910e+00
1.369097e+00
1.378230e+00
1.387309e+00
1.396334e+00
1.405303e+00
1.414216e+00
1.423074e+00
1.431876e+00
1.440621e+00
1.449309e+00
1.457940e+00
1.466513e+00
1.475029e+00
1.483486e+00
1.491884e+00
1.500224e+00
1.508505e+00
1.516726e+00
1.524887e+00
1.532988e+00
1.541028e+00
1.549008e+00
1.556926e+00
1.564783e+00
1.572578e+00
1.580311e+00
1.587982e+00
1.595589e+00
1.603134e+00
1.610616e+00
1.618034e+00
1.625388e+00
1.632678e+00
1.639904e+00
1.647064e+00
1.654160e+00
1.661190e+00
1.668155e+00
1.675054e+00
1.681887e+00
1.688653e+00
1.695353e+00
1.701986e+00
1.708552e+00
1.715050e+00
1.721480e+00
1.727843e+00
1.734137e+00
1.740363e+00
1.746520e+00
1.752608e+00
1.758627e+00
1.764576e+00
1.770456e+00
1.776266e+00
1.782005e+00
1.787675e+00
1.793274e+00
1.798802e+00
1.804259e+00
1.809644e+00
1.814959e+00
1.820201e+00
1.825372e+00
1.830471e+00
1.835497e+00
1.840451e+00
1.845333e+00
1.850141e+00
1.854876e+00
1.859539e+00
1.864127e+00
1.868642e+00
1.873084e+00
1.877451e+00
1.881745e+00
1.885964e+00
1.890108e+00
1.894178e+00
1.898173e+00
1.902094e+00
1.905939e+00
1.909709e+00
1.913403e+00
1.917022e+00
1.920566e+00
1.924033e+00
1.927425e+00
1.930740e+00
1.933980e+00
1.937143e+00
1.940229e+00
1.943239e+00
1.946172e+00
1.949029e+00
1.951808e+00
1.954511e+00
1.957136e+00
1.959684e+00
1.962155e+00
1.964548e+00
1.966864e+00
1.969102e+00
1.971263e+00
1.973346e+00
1.975351e+00
1.977277e+00
1.979126e+00
1.980897e+00
1.982590e+00
1.984204e+00
1.985741e+00
1.987199e+00
1.988578e+00
1.989879e+00
1.991102e+00
1.992246e+00
1.993311e+00
1.994298e+00
1.995206e+00
1.996036e+00
1.996787e+00
1.997459e+00
1.998052e+00
1.998567e+00
1.999003e+00
1.999360e+00
1.999638e+00
1.999838e+00
1.999958e+00
2.000000e+00
1.930106e-05