1.115911e-01
1.930106e-05
7.151068e-09
7.400747e-13
3.802869e-11
8.445964e-10
7.347376e-09
5.128970e-07
2.654975e-05
3.308013e-04
3.059399e-02
9.121704e-01
1.237989e+01
7.163898e+01
1.421438e+04
4.047955e+05
6.111547e+06
3.089316e+08
1.279959e+10
2.528486e+11
1.667927e+13
2.873602e+14
1.136223e+16
1.588523e+17
1.207416e+19
3.126493e+20
6.771121e+21
1.410145e+23
6.706278e+24
2.716563e+26
6.929330e+27
3.020700e+29
7.399922e+30
1.157934e+32
6.606740e+33
3.417062e+35
3.888272e+36
2.077407e+38
6.427458e+39
2.804542e+41
6.125086e+42
1.962841e+44
6.880369e+45
1.547920e+47
4.011507e+48
2.525667e+50
5.451675e+51
1.220001e+53
7.008331e+54
1.235164e+56
3.195533e+57
1.338407e+59
7.450075e+60
3.125590e+62
5.599784e+63
1.269587e+64
3.789654e+66
3.325885e+68
7.932809e+69
1.307263e+71
5.047735e+72
9.661258e+73
4.414714e+75
1.943213e+77
8.121763e+78
1.039754e+80
4.737179e+81
1.257249e+83
2.447020e+84
4.751299e+85
1.705802e+87
1.039300e+89
3.481414e+90
8.258008e+91
3.299546e+93
6.457639e+94
4.215681e+96
6.148272e+97
4.910667e+99
7.719229e+100
3.800670e+102
7.532550e+103
2.437694e+105
1.195276e+107
3.284278e+108
1.745659e+110
6.472322e+111
1.380338e+113
2.875399e+114
1.269904e+116
5.303067e+117
1.497829e+119
5.544192e+120
1.867306e+122
5.604311e+123
2.284859e+125
2.856771e+126
1.119372e+128
5.128997e+129
2.183390e+131
3.356786e+132
1.458651e+134
3.244228e+135
1.563024e+137
3.792215e+138
1.005560e+140
3.487336e+141
2.429807e+143
2.888629e+144
1.256095e+146
4.328251e+147
1.015510e+149
6.667987e+150
1.488153e+152
6.128709e+153
1.602417e+155
2.634752e+156
7.965231e+157
5.288124e+159
1.630854e+161
4.853035e+162
1.968269e+164
5.416876e+165
1.027610e+167
3.205675e+168
1.473454e+170
4.652576e+171
1.455231e+173
4.969951e+174
1.157794e+176
3.015774e+177
1.878246e+179
4.794753e+180
9.636625e+181
7.139421e+183
1.364338e+185
6.084719e+186
7.993976e+187
4.161251e+189
1.625628e+191
1.548674e+192
1.529288e+194
2.102195e+195
1.063943e+197
3.956719e+198
1.724878e+200
3.611593e+201
1.156308e+203
4.572622e+204
3.668427e+206
1.448227e+207
1.292227e+209
5.322290e+210
7.570804e+211
3.653730e+213
1.423507e+215
3.367346e+216
2.137618e+218
4.712504e+219
6.806221e+220
4.553551e+222
1.168162e+224
4.430081e+225
1.355901e+227
6.203759e+228
9.568292e+229
6.336853e+231
1.935821e+233
3.286680e+234
1.411163e+236
5.394687e+237
2.962852e+239
4.266278e+240
2.164554e+242
2.757441e+243
1.505573e+245
5.772672e+246
1.095282e+248
8.213246e+249
1.736152e+251
3.642539e+252
2.668093e+254
6.138045e+255
1.498588e+257
4.983124e+258
1.392929e+260
7.128444e+261
8.023859e+262
5.140688e+264
2.032045e+266
3.745145e+267
1.422776e+269
6.459923e+270
3.193587e+272
8.014341e+273
1.996407e+275
6.806203e+276
1.792973e+278
4.247121e+279
1.762837e+281
5 10 15 20 25 30 35 40 45 50 55 60 65 70 75 80 85 90 95 100 105 110 115 120 125 130 135 140 145 150 155 160 165 170 175 180 185 190 195 200 205 210 215 220 225 230 235 240 245 250 255 260 265 270 275 280 285 290 295 300 305 310 315 320 325 330 335 340 345 350 355 360 365 370 375 380 385 390 395 400 405 410 415 420 425 430 435 440 445 450 455 460 465 470 475 480 485 490 495 500 505 510 515 520 525 530 535 540 545 550 555 560 565 570 575 580 585 590 595 600 605 610 615 620 625 630 635 640 645 650 655 660 665 670 675 680 685 690 695 700 705 710 715 720 725 730 735 740 745 750 755 760 765 770 775 780 785 790 795 800 805 810 815 820 825 830 835 840 845 850 855 860 865 870 875 880 885 890 895 900 905 910 915 920 925 930 935 940 945 950 955 960 965 970 975 980 985 990 995 1000 