0.4 0.080023
0.40033 0.0812225
0.40066 0.082422
0.400989 0.0836214
0.401319 0.0848209
0.401649 0.0860203
0.401979 0.0872198
0.402309 0.0884193
0.402639 0.0896187
0.402968 0.0908182
0.403298 0.0920176
0.403628 0.093217
0.403958 0.0944165
0.404288 0.0956159
0.404618 0.0968154
0.404947 0.0980148
0.405277 0.0992142
0.405607 0.100414
0.405937 0.101613
0.406267 0.102812
0.406597 0.104012
0.406926 0.105211
0.407256 0.106411
0.407586 0.10761
0.407916 0.108809
0.408246 0.110009
0.408576 0.111208
0.408905 0.112408
0.409235 0.113607
0.409565 0.114806
0.409895 0.116006
0.410225 0.117205
0.410555 0.118404
0.410884 0.119604
0.411214 0.120803
0.411544 0.122002
0.411874 0.123201
0.412204 0.124401
0.412533 0.1256
0.412863 0.126799
0.413193 0.127998
0.413523 0.129198
0.413853 0.130397
0.414183 0.131596
0.414512 0.132795
0.414842 0.133994
0.415172 0.135194
0.415502 0.136393
0.415832 0.137592
0.416162 0.138791
0.416491 0.13999
0.416821 0.141189
0.417151 0.142388
0.417481 0.143587
0.417811 0.144786
0.418141 0.145985
0.41847 0.147184
0.4188 0.148383
0.41913 0.149582
0.41946 0.150781
0.41979 0.15198
0.42012 0.153179
0.420449 0.154378
0.420779 0.155577
0.421109 0.156776
0.421439 0.157975
0.421769 0.159173
0.422099 0.160372
0.422428 0.161571
0.422758 0.162769
0.423088 0.163968
0.423418 0.165167
0.423748 0.166365
0.424078 0.167564
0.424407 0.168762
0.424737 0.169961
0.425067 0.171159
0.425397 0.172358
0.425727 0.173556
0.426056 0.174755
0.426386 0.175953
0.426716 0.177151
0.427046 0.178349
0.427376 0.179548
0.427706 0.180746
0.428035 0.181944
0.428365 0.183142
0.428695 0.18434
0.429025 0.185538
0.429355 0.186736
0.429685 0.187934
0.430014 0.189132
0.430344 0.19033
0.430674 0.191527
0.431004 0.192725
0.431334 0.193923
0.431664 0.19512
0.431993 0.196318
0.432323 0.197515
0.432653 0.198713
0.432983 0.19991
0.433313 0.201108
0.433643 0.202305
0.433972 0.203502
0.434302 0.204699
0.434632 0.205897
0.434962 0.207094
0.435292 0.208291
0.435622 0.209488
0.435951 0.210684
0.436281 0.211881
0.436611 0.213078
0.436941 0.214275
0.437271 0.215471
0.4376 0.216668
0.43793 0.217865
0.43826 0.219061
0.43859 0.220257
0.43892 0.221454
0.43925 0.22265
0.439579 0.223846
0.439909 0.225042
0.440239 0.226239
0.440569 0.227435
0.440899 0.22863
0.441229 0.229826
0.441558 0.231022
0.441888 0.232218
0.442218 0.233414
0.442548 0.234609
0.442878 0.235805
0.443208 0.237
0.443537 0.238196
0.443867 0.239391
0.444197 0.240586
0.444527 0.241781
0.444857 0.242976
0.445187 0.244171
0.445516 0.245366
0.445846 0.246561
0.446176 0.247756
0.446506 0.24895
0.446836 0.250145
0.447166 0.25134
0.447495 0.252534
0.447825 0.253728
0.448155 0.254923
0.448485 0.256117
0.448815 0.257311
0.449145 0.258505
0.449474 0.259699
0.449804 0.260893
0.450134 0.262087
0.450464 0.26328
0.450794 0.264474
0.451123 0.265667
0.451453 0.266861
0.451783 0.268054
0.452113 0.269248
0.452443 0.270441
0.452773 0.271634
0.453102 0.272827
0.453432 0.27402
0.453762 0.275213
0.454092 0.276405
0.454422 0.277598
0.454752 0.27879
0.455081 0.279983
0.455411 0.281175
0.455741 0.282368
0.456071 0.28356
0.456401 0.284752
0.456731 0.285944
0.45706 0.287136
0.45739 0.288328
0.45772 0.289519
0.45805 0.290711
0.45838 0.291903
0.45871 0.293094
0.459039 0.294285
0.459369 0.295477
0.459699 0.296668
0.460029 0.297859
0.460359 0.29905
0.460689 0.300241
0.461018 0.301432
0.461348 0.302622
0.461678 0.303813
0.462008 0.305003
0.462338 0.306194
0.462667 0.307384
0.462997 0.308574
0.463327 0.309764
0.463657 0.310954
0.463987 0.312144
0.464317 0.313334
0.464646 0.314524
0.464976 0.315713
0.465306 0.316903
0.465636 0.318092
0.465966 0.319282
0.466296 0.320471
0.466625 0.32166
0.466955 0.322849
0.467285 0.324038
0.467615 0.325227
0.467945 0.326415
0.468275 0.327604
0.468604 0.328793
0.468934 0.329981
0.469264 0.331169
0.469594 0.332357
0.469924 0.333546
0.470254 0.334734
0.470583 0.335921
0.470913 0.337109
0.471243 0.338297
0.471573 0.339485
0.471903 0.340672
0.472233 0.34186
0.472562 0.343047
0.472892 0.344234
0.473222 0.345421
0.473552 0.346608
0.473882 0.347795
0.474212 0.348982
0.474541 0.350169
0.474871 0.351355
0.475201 0.352542
0.475531 0.353728
0.475861 0.354914
0.47619 0.356101
0.47652 0.357287
0.47685 0.358473
0.47718 0.359659
0.47751 0.360844
0.47784 0.36203
0.478169 0.363216
0.478499 0.364401
0.478829 0.365587
0.479159 0.366772
0.479489 0.367957
0.479819 0.369142
0.480148 0.370327
0.480478 0.371512
0.480808 0.372697
0.481138 0.373882
0.481468 0.375066
0.481798 0.376251
0.482127 0.377435
0.482457 0.37862
0.482787 0.379804
0.483117 0.380988
0.483447 0.382172
0.483777 0.383356
0.484106 0.38454
0.484436 0.385723
0.484766 0.386907
0.485096 0.388091
0.485426 0.389274
0.485756 0.390457
0.486085 0.391641
0.486415 0.392824
0.486745 0.394007
0.487075 0.39519
0.487405 0.396373
0.487734 0.397555
0.488064 0.398738
0.488394 0.399921
0.488724 0.401103
0.489054 0.402286
0.489384 0.403468
0.489713 0.40465
0.490043 0.405832
0.490373 0.407014
0.490703 0.408196
0.491033 0.409378
0.491363 0.41056
0.491692 0.411742
0.492022 0.412923
0.492352 0.414105
0.492682 0.415286
0.493012 0.416468
0.493342 0.417649
0.493671 0.41883
0.494001 0.420011
0.494331 0.421192
0.494661 0.422373
0.494991 0.423554
0.495321 0.424735
0.49565 0.425915
0.49598 0.427096
0.49631 0.428276
0.49664 0.429457
0.49697 0.430637
0.4973 0.431817
0.497629 0.432997
0.497959 0.434178
0.498289 0.435358
0.498619 0.436537
0.498949 0.437717
0.499278 0.438897
0.499608 0.440077
0.499938 0.441256
0.500268 0.442436
0.500598 0.443615
0.500928 0.444795
0.501257 0.445974
0.501587 0.447153
0.501917 0.448332
0.502247 0.449511
0.502577 0.45069
0.502907 0.451869
0.503236 0.453048
0.503566 0.454227
0.503896 0.455406
0.504226 0.456584
0.504556 0.457763
0.504886 0.458941
0.505215 0.46012
0.505545 0.461298
0.505875 0.462476
0.506205 0.463655
0.506535 0.464833
0.506865 0.466011
0.507194 0.467189
0.507524 0.468367
0.507854 0.469545
0.508184 0.470722
0.508514 0.4719
0.508844 0.473078
0.509173 0.474256
0.509503 0.475433
0.509833 0.476611
0.510163 0.477788
0.510493 0.478965
0.510823 0.480143
0.511152 0.48132
0.511482 0.482497
0.511812 0.483674
0.512142 0.484852
0.512472 0.486029
0.512801 0.487206
0.513131 0.488383
0.513461 0.489559
0.513791 0.490736
0.514121 0.491913
0.514451 0.49309
0.51478 0.494266
0.51511 0.495443
0.51544 0.49662
0.51577 0.497796
0.5161 0.498973
0.51643 0.500149
0.516759 0.501325
0.517089 0.502502
0.517419 0.503678
0.517749 0.504854
0.518079 0.50603
0.518409 0.507206
0.518738 0.508383
0.519068 0.509559
0.519398 0.510735
0.519728 0.511911
0.520058 0.513087
0.520388 0.514262
0.520717 0.515438
0.521047 0.516614
0.521377 0.51779
0.521707 0.518966
0.522037 0.520141
0.522367 0.521317
0.522696 0.522492
0.523026 0.523668
0.523356 0.524844
0.523686 0.526019
0.524016 0.527195
0.524345 0.52837
0.524675 0.529545
0.525005 0.530721
0.525335 0.531896
0.525665 0.533071
0.525995 0.534247
0.526324 0.535422
0.526654 0.536597
0.526984 0.537772
0.527314 0.538948
0.527644 0.540123
0.527974 0.541298
0.528303 0.542473
0.528633 0.543648
0.528963 0.544823
0.529293 0.545998
0.529623 0.547173
0.529953 0.548348
0.530282 0.549523
0.530612 0.550698
0.530942 0.551873
0.531272 0.553048
0.531602 0.554223
0.531932 0.555397
0.532261 0.556572
0.532591 0.557747
0.532921 0.558922
0.533251 0.560097
0.533581 0.561271
0.533911 0.562446
0.53424 0.563621
0.53457 0.564795
0.5349 0.56597
0.53523 0.567145
0.53556 0.568319
0.53589 0.569494
0.536219 0.570669
0.536549 0.571843
0.536879 0.573018
0.537209 0.574193
0.537539 0.575367
0.537868 0.576542
0.538198 0.577716
0.538528 0.578891
0.538858 0.580065
0.539188 0.58124
0.539518 0.582414
0.539847 0.583589
0.540177 0.584763
0.540507 0.585938
0.540837 0.587112
0.541167 0.588287
0.541497 0.589461
0.541826 0.590636
0.542156 0.59181
0.542486 0.592985
0.542816 0.594159
0.543146 0.595334
0.543476 0.596508
0.543805 0.597683
0.544135 0.598857
0.544465 0.600031
0.544795 0.601206
0.545125 0.60238
0.545455 0.603555
0.545455 0.481075
0.545784 0.479985
0.546114 0.478896
0.546444 0.477807
0.546774 0.476718
0.547104 0.475629
0.547434 0.47454
0.547763 0.47345
0.548093 0.472361
0.548423 0.471272
0.548753 0.470183
0.549083 0.469094
0.549412 0.468004
0.549742 0.466915
0.550072 0.465826
0.550402 0.464737
0.550732 0.463648
0.551062 0.462558
0.551391 0.461469
0.551721 0.46038
0.552051 0.459291
0.552381 0.458202
0.552711 0.457113
0.553041 0.456023
0.55337 0.454934
0.5537 0.453845
0.55403 0.452756
0.55436 0.451667
0.55469 0.450577
0.55502 0.449488
0.555349 0.448399
0.555679 0.44731
0.556009 0.446221
0.556339 0.445131
0.556669 0.444042
0.556999 0.442953
0.557328 0.441864
0.557658 0.440775
0.557988 0.439685
0.558318 0.438596
0.558648 0.437507
0.558978 0.436418
0.559307 0.435328
0.559637 0.434239
0.559967 0.43315
0.560297 0.432061
0.560627 0.430972
0.560957 0.429882
0.561286 0.428793
0.561616 0.427704
0.561946 0.426615
0.562276 0.425526
0.562606 0.424436
0.562935 0.423347
0.563265 0.422258
0.563595 0.421169
0.563925 0.420079
0.564255 0.41899
0.564585 0.417901
0.564914 0.416812
0.565244 0.415722
0.565574 0.414633
0.565904 0.413544
0.566234 0.412455
0.566564 0.411366
0.566893 0.410276
0.567223 0.409187
0.567553 0.408098
0.567883 0.407009
0.568213 0.405919
0.568543 0.40483
0.568872 0.403741
0.569202 0.402652
0.569532 0.401563
0.569862 0.400473
0.570192 0.399384
0.570522 0.398295
0.570851 0.397206
0.571181 0.396117
0.571511 0.395027
0.571841 0.393938
0.572171 0.392849
0.572501 0.39176
0.57283 0.390671
0.57316 0.389581
0.57349 0.388492
0.57382 0.387403
0.57415 0.386314
0.574479 0.385225
0.574809 0.384136
0.575139 0.383047
0.575469 0.381957
0.575799 0.380868
0.576129 0.379779
0.576458 0.37869
0.576788 0.377601
0.577118 0.376512
0.577448 0.375423
0.577778 0.374334
0.578108 0.373245
0.578437 0.372155
0.578767 0.371066
0.579097 0.369977
0.579427 0.368888
0.579757 0.367799
0.580087 0.36671
0.580416 0.365621
0.580746 0.364532
0.581076 0.363443
0.581406 0.362354
0.581736 0.361265
0.582066 0.360176
0.582395 0.359087
0.582725 0.357998
0.583055 0.356909
0.583385 0.35582
0.583715 0.354731
0.584045 0.353642
0.584374 0.352553
0.584704 0.351465
0.585034 0.350376
0.585364 0.349287
0.585694 0.348198
0.586024 0.347109
0.586353 0.34602
0.586683 0.344931
0.587013 0.343843
0.587343 0.342754
0.587673 0.341665
0.588002 0.340576
0.588332 0.339487
0.588662 0.338399
0.588992 0.33731
0.589322 0.336221
0.589652 0.335132
0.589981 0.334044
0.590311 0.332955
0.590641 0.331866
0.590971 0.330778
0.591301 0.329689
0.591631 0.3286
0.59196 0.327512
0.59229 0.326423
0.59262 0.325335
0.59295 0.324246
0.59328 0.323158
0.59361 0.322069
0.593939 0.32098
0.594269 0.319892
0.594599 0.318804
0.594929 0.317715
0.595259 0.316627
0.595589 0.315538
0.595918 0.31445
0.596248 0.313361
0.596578 0.312273
0.596908 0.311185
0.597238 0.310096
0.597568 0.309008
0.597897 0.30792
0.598227 0.306831
0.598557 0.305743
0.598887 0.304655
0.599217 0.303567
0.599546 0.302479
0.599876 0.30139
0.600206 0.300302
0.600536 0.299214
0.600866 0.298126
0.601196 0.297038
0.601525 0.29595
0.601855 0.294862
0.602185 0.293774
0.602515 0.292686
0.602845 0.291598
0.603175 0.29051
0.603504 0.289422
0.603834 0.288334
0.604164 0.287246
0.604494 0.286158
0.604824 0.28507
0.605154 0.283982
0.605483 0.282895
0.605813 0.281807
0.606143 0.280719
0.606473 0.279631
0.606803 0.278544
0.607133 0.277456
0.607462 0.276368
0.607792 0.275281
0.608122 0.274193
0.608452 0.273106
0.608782 0.272018
0.609112 0.270931
0.609441 0.269843
0.609771 0.268756
0.610101 0.267668
0.610431 0.266581
0.610761 0.265493
0.61109 0.264406
0.61142 0.263319
0.61175 0.262231
0.61208 0.261144
0.61241 0.260057
0.61274 0.25897
0.613069 0.257883
0.613399 0.256795
0.613729 0.255708
0.614059 0.254621
0.614389 0.253534
0.614719 0.252447
0.615048 0.25136
0.615378 0.250273
0.615708 0.249186
0.616038 0.248099
0.616368 0.247012
0.616698 0.245926
0.617027 0.244839
0.617357 0.243752
0.617687 0.242665
0.618017 0.241578
0.618347 0.240492
0.618677 0.239405
0.619006 0.238318
0.619336 0.237232
0.619666 0.236145
0.619996 0.235059
0.620326 0.233972
0.620656 0.232886
0.620985 0.231799
0.621315 0.230713
0.621645 0.229627
0.621975 0.22854
0.622305 0.227454
0.622635 0.226368
0.622964 0.225282
0.623294 0.224195
0.623624 0.223109
0.623954 0.222023
0.624284 0.220937
0.624613 0.219851
0.624943 0.218765
0.625273 0.217679
0.625603 0.216593
0.625933 0.215507
0.626263 0.214421
0.626592 0.213335
0.626922 0.21225
0.627252 0.211164
0.627582 0.210078
0.627912 0.208992
0.628242 0.207907
0.628571 0.206821
0.628901 0.205735
0.629231 0.20465
0.629561 0.203564
0.629891 0.202479
0.630221 0.201394
0.63055 0.200308
0.63088 0.199223
0.63121 0.198137
0.63154 0.197052
0.63187 0.195967
0.6322 0.194882
0.632529 0.193797
0.632859 0.192711
0.633189 0.191626
0.633519 0.190541
0.633849 0.189456
0.634179 0.188371
0.634508 0.187286
0.634838 0.186201
0.635168 0.185117
0.635498 0.184032
0.635828 0.182947
0.636157 0.181862
0.636487 0.180777
0.636817 0.179693
0.637147 0.178608
0.637477 0.177524
0.637807 0.176439
0.638136 0.175354
0.638466 0.17427
0.638796 0.173186
0.639126 0.172101
0.639456 0.171017
0.639786 0.169932
0.640115 0.168848
0.640445 0.167764
0.640775 0.16668
0.641105 0.165596
0.641435 0.164511
0.641765 0.163427
0.642094 0.162343
0.642424 0.161259
0.642754 0.160175
0.643084 0.159092
0.643414 0.158008
0.643744 0.156924
0.644073 0.15584
0.644403 0.154756
0.644733 0.153673
0.645063 0.152589
0.645393 0.151505
0.645723 0.150422
0.646052 0.149338
0.646382 0.148255
0.646712 0.147171
0.647042 0.146088
0.647372 0.145004
0.647702 0.143921
0.648031 0.142838
0.648361 0.141754
0.648691 0.140671
0.649021 0.139588
0.649351 0.138505
0.64968 0.137422
0.65001 0.136338
0.65034 0.135255
0.65067 0.134172
0.651 0.133089
0.65133 0.132006
0.651659 0.130924
0.651989 0.129841
0.652319 0.128758
0.652649 0.127675
0.652979 0.126592
0.653309 0.12551
0.653638 0.124427
0.653968 0.123344
0.654298 0.122262
0.654628 0.121179
0.654958 0.120097
0.655288 0.119014
0.655617 0.117932
0.655947 0.116849
0.656277 0.115767
0.656607 0.114685
0.656937 0.113602
0.657267 0.11252
0.657596 0.111438
0.657926 0.110356
0.658256 0.109273
0.658586 0.108191
0.658916 0.107109
0.659246 0.106027
0.659575 0.104945
0.659905 0.103863
0.660235 0.102781
0.660565 0.101699
0.660895 0.100617
0.661224 0.0995356
0.661554 0.0984538
0.661884 0.0973721
0.662214 0.0962903
0.662544 0.0952086
0.662874 0.0941269
0.663203 0.0930453
0.663533 0.0919637
0.663863 0.0908821
0.664193 0.0898006
0.664523 0.088719
0.664853 0.0876375
0.665182 0.0865561
0.665512 0.0854747
0.665842 0.0843933
0.666172 0.0833119
0.666502 0.0822305
0.666832 0.0811492
0.667161 0.0800679
0.667491 0.0789867
0.667821 0.0779054
0.668151 0.0768242
0.668481 0.0757431
0.668811 0.0746619
0.66914 0.0735808
0.66947 0.0724997
0.6698 0.0714186
0.67013 0.0703375
0.67046 0.0692565
0.67079 0.0681755
0.671119 0.0670945
0.671449 0.0660136
0.671779 0.0649326
0.672109 0.0638517
0.672439 0.0627708
0.672769 0.06169
0.673098 0.0606091
0.673428 0.0595283
0.673758 0.0584475
0.674088 0.0573667
0.674418 0.0562859
0.674747 0.0552052
0.675077 0.0541245
0.675407 0.0530438
0.675737 0.0519631
0.676067 0.0508824
0.676397 0.0498017
0.676726 0.0487211
0.677056 0.0476405
0.677386 0.0465599
0.677716 0.0454793
0.678046 0.0443988
0.678376 0.0433182
0.678705 0.0422377
0.679035 0.0411571
0.679365 0.0400766
0.679695 0.0389961
0.680025 0.0379157
0.680355 0.0368352
0.680684 0.0357548
0.681014 0.0346743
0.681344 0.0335939
0.681674 0.0325135
0.682004 0.0314331
0.682334 0.0303527
0.682663 0.0292723
0.682993 0.0281919
0.683323 0.0271115
0.683653 0.0260312
0.683983 0.0249508
0.684313 0.0238705
0.684642 0.0227902
0.684972 0.0217099
0.685302 0.0206295
0.685632 0.0195492
0.685962 0.0184689
0.686291 0.0173886
0.686621 0.0163083
0.686951 0.0152281
0.687281 0.0141478
0.687611 0.0130675
0.687941 0.0119872
0.68827 0.010907
0.6886 0.00982669
0.68893 0.00874643
0.68926 0.00766617
0.68959 0.00658591
0.68992 0.00550565
0.690249 0.0044254
0.690579 0.00334514
0.690909 0.00226489
0.690909 0.125796
0.691239 0.12711
0.691569 0.128424
0.691899 0.129738
0.692228 0.131052
0.692558 0.132366
0.692888 0.13368
0.693218 0.134994
0.693548 0.136307
0.693878 0.137621
0.694207 0.138935
0.694537 0.140249
0.694867 0.141563
0.695197 0.142877
0.695527 0.144191
0.695857 0.145505
0.696186 0.146819
0.696516 0.148132
0.696846 0.149446
0.697176 0.15076
0.697506 0.152074
0.697835 0.153388
0.698165 0.154702
0.698495 0.156016
0.698825 0.15733
0.699155 0.158644
0.699485 0.159957
0.699814 0.161271
0.700144 0.162585
0.700474 0.163899
0.700804 0.165213
0.701134 0.166527
0.701464 0.167841
0.701793 0.169154
0.702123 0.170468
0.702453 0.171782
0.702783 0.173096
0.703113 0.17441
0.703443 0.175724
0.703772 0.177038
0.704102 0.178352
0.704432 0.179665
0.704762 0.180979
0.705092 0.182293
0.705422 0.183607
0.705751 0.184921
0.706081 0.186235
0.706411 0.187548
0.706741 0.188862
0.707071 0.190176
0.707401 0.19149
0.70773 0.192804
0.70806 0.194118
0.70839 0.195431
0.70872 0.196745
0.70905 0.198059
0.70938 0.199373
0.709709 0.200687
0.710039 0.202001
0.710369 0.203314
0.710699 0.204628
0.711029 0.205942
0.711358 0.207256
0.711688 0.20857
0.712018 0.209883
0.712348 0.211197
0.712678 0.212511
0.713008 0.213825
0.713337 0.215139
0.713667 0.216452
0.713997 0.217766
0.714327 0.21908
0.714657 0.220394
0.714987 0.221707
0.715316 0.223021
0.715646 0.224335
0.715976 0.225649
0.716306 0.226962
0.716636 0.228276
0.716966 0.22959
0.717295 0.230904
0.717625 0.232217
0.717955 0.233531
0.718285 0.234845
0.718615 0.236158
0.718945 0.237472
0.719274 0.238786
0.719604 0.240099
0.719934 0.241413
0.720264 0.242727
0.720594 0.24404
0.720924 0.245354
0.721253 0.246668
0.721583 0.247981
0.721913 0.249295
0.722243 0.250609
0.722573 0.251922
0.722902 0.253236
0.723232 0.254549
0.723562 0.255863
0.723892 0.257177
0.724222 0.25849
0.724552 0.259804
0.724881 0.261117
0.725211 0.262431
0.725541 0.263744
0.725871 0.265058
0.726201 0.266371
0.726531 0.267685
0.72686 0.268998
0.72719 0.270312
0.72752 0.271625
0.72785 0.272939
0.72818 0.274252
0.72851 0.275566
0.728839 0.276879
0.729169 0.278193
0.729499 0.279506
0.729829 0.28082
0.730159 0.282133
0.730489 0.283446
0.730818 0.28476
0.731148 0.286073
0.731478 0.287387
0.731808 0.2887
0.732138 0.290013
0.732468 0.291327
0.732797 0.29264
0.733127 0.293953
0.733457 0.295267
0.733787 0.29658
0.734117 0.297893
0.734447 0.299206
0.734776 0.30052
0.735106 0.301833
0.735436 0.303146
0.735766 0.304459
0.736096 0.305773
0.736425 0.307086
0.736755 0.308399
0.737085 0.309712
0.737415 0.311025
0.737745 0.312339
0.738075 0.313652
0.738404 0.314965
0.738734 0.316278
0.739064 0.317591
0.739394 0.318904
0.739724 0.320217
0.740054 0.32153
0.740383 0.322843
0.740713 0.324156
0.741043 0.325469
0.741373 0.326782
0.741703 0.328096
0.742033 0.329408
0.742362 0.330721
0.742692 0.332034
0.743022 0.333347
0.743352 0.33466
0.743682 0.335973
0.744012 0.337286
0.744341 0.338599
0.744671 0.339912
0.745001 0.341225
0.745331 0.342538
0.745661 0.343851
0.745991 0.345163
0.74632 0.346476
0.74665 0.347789
0.74698 0.349102
0.74731 0.350415
0.74764 0.351727
0.747969 0.35304
0.748299 0.354353
0.748629 0.355666
0.748959 0.356978
0.749289 0.358291
0.749619 0.359604
0.749948 0.360916
0.750278 0.362229
0.750608 0.363542
0.750938 0.364854
0.751268 0.366167
0.751598 0.36748
0.751927 0.368792
0.752257 0.370105
0.752587 0.371417
0.752917 0.37273
0.753247 0.374042
0.753577 0.375355
0.753906 0.376667
0.754236 0.37798
0.754566 0.379292
0.754896 0.380605
0.755226 0.381917
0.755556 0.38323
0.755885 0.384542
0.756215 0.385854
0.756545 0.387167
0.756875 0.388479
0.757205 0.389791
0.757535 0.391104
0.757864 0.392416
0.758194 0.393728
0.758524 0.395041
0.758854 0.396353
0.759184 0.397665
0.759514 0.398977
0.759843 0.40029
0.760173 0.401602
0.760503 0.402914
0.760833 0.404226
0.761163 0.405538
0.761492 0.40685
0.761822 0.408163
0.762152 0.409475
0.762482 0.410787
0.762812 0.412099
0.763142 0.413411
0.763471 0.414723
0.763801 0.416035
0.764131 0.417347
0.764461 0.418659
0.764791 0.419971
0.765121 0.421283
0.76545 0.422595
0.76578 0.423907
0.76611 0.425219
0.76644 0.426531
0.76677 0.427843
0.7671 0.429155
0.767429 0.430466
0.767759 0.431778
0.768089 0.43309
0.768419 0.434402
0.768749 0.435714
0.769079 0.437026
0.769408 0.438337
0.769738 0.439649
0.770068 0.440961
0.770398 0.442273
0.770728 0.443584
0.771058 0.444896
0.771387 0.446208
0.771717 0.447519
0.772047 0.448831
0.772377 0.450143
0.772707 0.451454
0.773036 0.452766
0.773366 0.454077
0.773696 0.455389
0.774026 0.456701
0.774356 0.458012
0.774686 0.459324
0.775015 0.460635
0.775345 0.461947
0.775675 0.463258
0.776005 0.46457
0.776335 0.465881
0.776665 0.467193
0.776994 0.468504
0.777324 0.469815
0.777654 0.471127
0.777984 0.472438
0.778314 0.47375
0.778644 0.475061
0.778973 0.476372
0.779303 0.477684
0.779633 0.478995
0.779963 0.480306
0.780293 0.481617
0.780623 0.482929
0.780952 0.48424
0.781282 0.485551
0.781612 0.486862
0.781942 0.488174
0.782272 0.489485
0.782602 0.490796
0.782931 0.492107
0.783261 0.493418
0.783591 0.49473
0.783921 0.496041
0.784251 0.497352
0.78458 0.498663
0.78491 0.499974
0.78524 0.501285
0.78557 0.502596
0.7859 0.503907
0.78623 0.505218
0.786559 0.506529
0.786889 0.50784
0.787219 0.509151
0.787549 0.510462
0.787879 0.511773
0.788209 0.513084
0.788538 0.514395
0.788868 0.515706
0.789198 0.517017
0.789528 0.518328
0.789858 0.519639
0.790188 0.52095
0.790517 0.522261
0.790847 0.523571
0.791177 0.524882
0.791507 0.526193
0.791837 0.527504
0.792167 0.528815
0.792496 0.530126
0.792826 0.531436
0.793156 0.532747
0.793486 0.534058
0.793816 0.535369
0.794146 0.536679
0.794475 0.53799
0.794805 0.539301
0.795135 0.540612
0.795465 0.541922
0.795795 0.543233
0.796125 0.544544
0.796454 0.545854
0.796784 0.547165
0.797114 0.548476
0.797444 0.549786
0.797774 0.551097
0.798103 0.552408
0.798433 0.553718
0.798763 0.555029
0.799093 0.556339
0.799423 0.55765
0.799753 0.55896
0.800082 0.560271
0.800412 0.561582
0.800742 0.562892
0.801072 0.564203
0.801402 0.565513
0.801732 0.566824
0.802061 0.568134
0.802391 0.569445
0.802721 0.570755
0.803051 0.572066
0.803381 0.573376
0.803711 0.574686
0.80404 0.575997
0.80437 0.577307
0.8047 0.578618
0.80503 0.579928
0.80536 0.581239
0.80569 0.582549
0.806019 0.583859
0.806349 0.58517
0.806679 0.58648
0.807009 0.587791
0.807339 0.589101
0.807669 0.590411
0.807998 0.591722
0.808328 0.593032
0.808658 0.594342
0.808988 0.595653
0.809318 0.596963
0.809647 0.598273
0.809977 0.599584
0.810307 0.600894
0.810637 0.602204
0.810967 0.603514
0.811297 0.604825
0.811626 0.606135
0.811956 0.607445
0.812286 0.608755
0.812616 0.610066
0.812946 0.611376
0.813276 0.612686
0.813605 0.613996
0.813935 0.615307
0.814265 0.616617
0.814595 0.617927
0.814925 0.619237
0.815255 0.620548
0.815584 0.621858
0.815914 0.623168
0.816244 0.624478
0.816574 0.625788
0.816904 0.627099
0.817234 0.628409
0.817563 0.629719
0.817893 0.631029
0.818223 0.632339
0.818553 0.633649
0.818883 0.63496
0.819213 0.63627
0.819542 0.63758
0.819872 0.63889
0.820202 0.6402
0.820532 0.64151
0.820862 0.64282
0.821192 0.64413
0.821521 0.645441
0.821851 0.646751
0.822181 0.648061
0.822511 0.649371
0.822841 0.650681
0.82317 0.651991
0.8235 0.653301
0.82383 0.654611
0.82416 0.655921
0.82449 0.657232
0.82482 0.658542
0.825149 0.659852
0.825479 0.661162
0.825809 0.662472
0.826139 0.663782
0.826469 0.665092
0.826799 0.666402
0.827128 0.667712
0.827458 0.669022
0.827788 0.670332
0.828118 0.671643
0.828448 0.672953
0.828778 0.674263
0.829107 0.675573
0.829437 0.676883
0.829767 0.678193
0.830097 0.679503
0.830427 0.680813
0.830757 0.682123
0.831086 0.683433
0.831416 0.684743
0.831746 0.686053
0.832076 0.687363
0.832406 0.688673
0.832736 0.689983
0.833065 0.691293
0.833395 0.692603
0.833725 0.693913
0.834055 0.695224
0.834385 0.696534
0.834714 0.697844
0.835044 0.699154
0.835374 0.700464
0.835704 0.701774
0.836034 0.703084
0.836364 0.704394
0.836364 0.697922
0.836693 0.69861
0.837023 0.699299
0.837353 0.699987
0.837683 0.700675
0.838013 0.701364
0.838343 0.702052
0.838672 0.70274
0.839002 0.703429
0.839332 0.704117
0.839662 0.704805
0.839992 0.705494
0.840322 0.706182
0.840651 0.70687
0.840981 0.707559
0.841311 0.708247
0.841641 0.708935
0.841971 0.709624
0.842301 0.710312
0.84263 0.711
0.84296 0.711689
0.84329 0.712377
0.84362 0.713065
0.84395 0.713754
0.84428 0.714442
0.844609 0.71513
0.844939 0.715819
0.845269 0.716507
0.845599 0.717195
0.845929 0.717884
0.846259 0.718572
0.846588 0.71926
0.846918 0.719948
0.847248 0.720637
0.847578 0.721325
0.847908 0.722013
0.848237 0.722702
0.848567 0.72339
0.848897 0.724078
0.849227 0.724767
0.849557 0.725455
0.849887 0.726143
0.850216 0.726832
0.850546 0.72752
0.850876 0.728208
0.851206 0.728896
0.851536 0.729585
0.851866 0.730273
0.852195 0.730961
0.852525 0.73165
0.852855 0.732338
0.853185 0.733026
0.853515 0.733714
0.853845 0.734403
0.854174 0.735091
0.854504 0.735779
0.854834 0.736467
0.855164 0.737156
0.855494 0.737844
0.855824 0.738532
0.856153 0.73922
0.856483 0.739909
0.856813 0.740597
0.857143 0.741285
0.857473 0.741973
0.857803 0.742662
0.858132 0.74335
0.858462 0.744038
0.858792 0.744726
0.859122 0.745414
0.859452 0.746103
0.859781 0.746791
0.860111 0.747479
0.860441 0.748167
0.860771 0.748855
0.861101 0.749543
0.861431 0.750232
0.86176 0.75092
0.86209 0.751608
0.86242 0.752296
0.86275 0.752984
0.86308 0.753672
0.86341 0.75436
0.863739 0.755049
0.864069 0.755737
0.864399 0.756425
0.864729 0.757113
0.865059 0.757801
0.865389 0.758489
0.865718 0.759177
0.866048 0.759865
0.866378 0.760553
0.866708 0.761241
0.867038 0.761929
0.867368 0.762617
0.867697 0.763306
0.868027 0.763994
0.868357 0.764682
0.868687 0.76537
0.869017 0.766058
0.869347 0.766746
0.869676 0.767434
0.870006 0.768122
0.870336 0.768809
0.870666 0.769497
0.870996 0.770185
0.871325 0.770873
0.871655 0.771561
0.871985 0.772249
0.872315 0.772937
0.872645 0.773625
0.872975 0.774313
0.873304 0.775001
0.873634 0.775689
0.873964 0.776376
0.874294 0.777064
0.874624 0.777752
0.874954 0.77844
0.875283 0.779128
0.875613 0.779816
0.875943 0.780503
0.876273 0.781191
0.876603 0.781879
0.876933 0.782567
0.877262 0.783254
0.877592 0.783942
0.877922 0.78463
0.878252 0.785318
0.878582 0.786005
0.878912 0.786693
0.879241 0.787381
0.879571 0.788068
0.879901 0.788756
0.880231 0.789444
0.880561 0.790131
0.880891 0.790819
0.88122 0.791507
0.88155 0.792194
0.88188 0.792882
0.88221 0.793569
0.88254 0.794257
0.88287 0.794944
0.883199 0.795632
0.883529 0.79632
0.883859 0.797007
0.884189 0.797695
0.884519 0.798382
0.884848 0.79907
0.885178 0.799757
0.885508 0.800444
0.885838 0.801132
0.886168 0.801819
0.886498 0.802507
0.886827 0.803194
0.887157 0.803881
0.887487 0.804569
0.887817 0.805256
0.888147 0.805944
0.888477 0.806631
0.888806 0.807318
0.889136 0.808005
0.889466 0.808693
0.889796 0.80938
0.890126 0.810067
0.890456 0.810755
0.890785 0.811442
0.891115 0.812129
0.891445 0.812816
0.891775 0.813503
0.892105 0.81419
0.892435 0.814878
0.892764 0.815565
0.893094 0.816252
0.893424 0.816939
0.893754 0.817626
0.894084 0.818313
0.894414 0.819
0.894743 0.819687
0.895073 0.820374
0.895403 0.821061
0.895733 0.821748
0.896063 0.822435
0.896392 0.823122
0.896722 0.823809
0.897052 0.824496
0.897382 0.825183
0.897712 0.82587
0.898042 0.826557
0.898371 0.827244
0.898701 0.827931
0.899031 0.828618
0.899361 0.829304
0.899691 0.829991
0.900021 0.830678
0.90035 0.831365
0.90068 0.832052
0.90101 0.832738
0.90134 0.833425
0.90167 0.834112
0.902 0.834799
0.902329 0.835485
0.902659 0.836172
0.902989 0.836859
0.903319 0.837545
0.903649 0.838232
0.903979 0.838919
0.904308 0.839605
0.904638 0.840292
0.904968 0.840978
0.905298 0.841665
0.905628 0.842351
0.905958 0.843038
0.906287 0.843725
0.906617 0.844411
0.906947 0.845097
0.907277 0.845784
0.907607 0.84647
0.907937 0.847157
0.908266 0.847843
0.908596 0.84853
0.908926 0.849216
0.909256 0.849902
0.909586 0.850589
0.909915 0.851275
0.910245 0.851961
0.910575 0.852648
0.910905 0.853334
0.911235 0.85402
0.911565 0.854707
0.911894 0.855393
0.912224 0.856079
0.912554 0.856765
0.912884 0.857451
0.913214 0.858138
0.913544 0.858824
0.913873 0.85951
0.914203 0.860196
0.914533 0.860882
0.914863 0.861568
0.915193 0.862254
0.915523 0.86294
0.915852 0.863626
0.916182 0.864313
0.916512 0.864999
0.916842 0.865685
0.917172 0.866371
0.917502 0.867057
0.917831 0.867742
0.918161 0.868428
0.918491 0.869114
0.918821 0.8698
0.919151 0.870486
0.919481 0.871172
0.91981 0.871858
0.92014 0.872544
0.92047 0.87323
0.9208 0.873915
0.92113 0.874601
0.921459 0.875287
0.921789 0.875973
0.922119 0.876659
0.922449 0.877344
0.922779 0.87803
0.923109 0.878716
0.923438 0.879402
0.923768 0.880087
0.924098 0.880773
0.924428 0.881459
0.924758 0.882144
0.925088 0.88283
0.925417 0.883515
0.925747 0.884201
0.926077 0.884887
0.926407 0.885572
0.926737 0.886258
0.927067 0.886943
0.927396 0.887629
0.927726 0.888314
0.928056 0.889
0.928386 0.889685
0.928716 0.890371
0.929046 0.891056
0.929375 0.891742
0.929705 0.892427
0.930035 0.893113
0.930365 0.893798
0.930695 0.894483
0.931025 0.895169
0.931354 0.895854
0.931684 0.89654
0.932014 0.897225
0.932344 0.89791
0.932674 0.898596
0.933004 0.899281
0.933333 0.899966
0.933663 0.900651
0.933993 0.901337
0.934323 0.902022
0.934653 0.902707
0.934982 0.903392
0.935312 0.904078
0.935642 0.904763
0.935972 0.905448
0.936302 0.906133
0.936632 0.906818
0.936961 0.907504
0.937291 0.908189
0.937621 0.908874
0.937951 0.909559
0.938281 0.910244
0.938611 0.910929
0.93894 0.911614
0.93927 0.912299
0.9396 0.912984
0.93993 0.913669
0.94026 0.914355
0.94059 0.91504
0.940919 0.915725
0.941249 0.91641
0.941579 0.917095
0.941909 0.91778
0.942239 0.918465
0.942569 0.919149
0.942898 0.919834
0.943228 0.920519
0.943558 0.921204
0.943888 0.921889
0.944218 0.922574
0.944548 0.923259
0.944877 0.923944
0.945207 0.924629
0.945537 0.925314
0.945867 0.925999
0.946197 0.926683
0.946526 0.927368
0.946856 0.928053
0.947186 0.928738
0.947516 0.929423
0.947846 0.930108
0.948176 0.930792
0.948505 0.931477
0.948835 0.932162
0.949165 0.932847
0.949495 0.933532
0.949825 0.934216
0.950155 0.934901
0.950484 0.935586
0.950814 0.93627
0.951144 0.936955
0.951474 0.93764
0.951804 0.938325
0.952134 0.939009
0.952463 0.939694
0.952793 0.940379
0.953123 0.941063
0.953453 0.941748
0.953783 0.942433
0.954113 0.943117
0.954442 0.943802
0.954772 0.944487
0.955102 0.945171
0.955432 0.945856
0.955762 0.946541
0.956092 0.947225
0.956421 0.94791
0.956751 0.948594
0.957081 0.949279
0.957411 0.949964
0.957741 0.950648
0.958071 0.951333
0.9584 0.952017
0.95873 0.952702
0.95906 0.953386
0.95939 0.954071
0.95972 0.954756
0.960049 0.95544
0.960379 0.956125
0.960709 0.956809
0.961039 0.957494
0.961369 0.958178
0.961699 0.958863
0.962028 0.959547
0.962358 0.960232
0.962688 0.960916
0.963018 0.961601
0.963348 0.962285
0.963678 0.96297
0.964007 0.963654
0.964337 0.964339
0.964667 0.965023
0.964997 0.965708
0.965327 0.966392
0.965657 0.967077
0.965986 0.967761
0.966316 0.968446
0.966646 0.96913
0.966976 0.969814
0.967306 0.970499
0.967636 0.971183
0.967965 0.971868
0.968295 0.972552
0.968625 0.973237
0.968955 0.973921
0.969285 0.974606
0.969615 0.97529
0.969944 0.975974
0.970274 0.976659
0.970604 0.977343
0.970934 0.978028
0.971264 0.978712
0.971593 0.979396
0.971923 0.980081
0.972253 0.980765
0.972583 0.98145
0.972913 0.982134
0.973243 0.982819
0.973572 0.983503
0.973902 0.984187
0.974232 0.984872
0.974562 0.985556
0.974892 0.98624
0.975222 0.986925
0.975551 0.987609
0.975881 0.988294
0.976211 0.988978
0.976541 0.989662
0.976871 0.990347
0.977201 0.991031
0.97753 0.991716
0.97786 0.9924
0.97819 0.993084
0.97852 0.993769
0.97885 0.994453
0.97918 0.995138
0.979509 0.995822
0.979839 0.996506
0.980169 0.997191
0.980499 0.997875
0.980829 0.998559
0.981159 0.999244
0.981488 0.999928
0.981818 1.00061
0.981818 0.990244
0.982148 0.990428
0.982478 0.990611
0.982808 0.990795
0.983137 0.990978
0.983467 0.991162
0.983797 0.991345
0.984127 0.991529
0.984457 0.991713
0.984787 0.991896
0.985116 0.99208
0.985446 0.992263
0.985776 0.992447
0.986106 0.99263
0.986436 0.992814
0.986766 0.992997
0.987095 0.993181
0.987425 0.993365
0.987755 0.993548
0.988085 0.993732
0.988415 0.993915
0.988745 0.994099
0.989074 0.994282
0.989404 0.994466
0.989734 0.994649
0.990064 0.994833
0.990394 0.995016
0.990724 0.9952
0.991053 0.995384
0.991383 0.995567
0.991713 0.995751
0.992043 0.995934
0.992373 0.996118
0.992703 0.996301
0.993032 0.996485
0.993362 0.996668
0.993692 0.996852
0.994022 0.997035
0.994352 0.997219
0.994682 0.997402
0.995011 0.997586
0.995341 0.99777
0.995671 0.997953
0.996001 0.998137
0.996331 0.99832
0.99666 0.998504
0.99699 0.998687
0.99732 0.998871
0.99765 0.999054
0.99798 0.999238
0.99831 0.999421
0.998639 0.999605
0.998969 0.999788
0.999299 0.999972
0.999629 1.00016
0.999959 1.00034
1.00029 1.00052
1.00062 1.00071
1.00095 1.00089
1.00128 1.00107
1.00161 1.00126
1.00194 1.00144
1.00227 1.00162
1.0026 1.00181
1.00293 1.00199
1.00326 1.00217
1.00359 1.00236
1.00392 1.00254
1.00425 1.00272
1.00458 1.00291
1.00491 1.00309
1.00524 1.00327
1.00557 1.00346
1.0059 1.00364
1.00623 1.00382
1.00656 1.00401
1.00689 1.00419
1.00722 1.00438
1.00754 1.00456
1.00787 1.00474
1.0082 1.00493
1.00853 1.00511
1.00886 1.00529
1.00919 1.00548
1.00952 1.00566
1.00985 1.00584
1.01018 1.00603
1.01051 1.00621
1.01084 1.00639
1.01117 1.00658
1.0115 1.00676
1.01183 1.00694
1.01216 1.00713
1.01249 1.00731
1.01282 1.00749
1.01315 1.00768
1.01348 1.00786
1.01381 1.00804
1.01414 1.00823
1.01447 1.00841
1.0148 1.00859
1.01513 1.00878
1.01546 1.00896
1.01579 1.00914
1.01612 1.00933
1.01645 1.00951
1.01678 1.00969
1.01711 1.00988
1.01744 1.01006
1.01777 1.01024
1.0181 1.01043
1.01843 1.01061
1.01876 1.01079
1.01909 1.01098
1.01942 1.01116
1.01975 1.01134
1.02008 1.01153
1.02041 1.01171
1.02074 1.01189
1.02107 1.01207
1.0214 1.01226
1.02173 1.01244
1.02206 1.01262
1.02239 1.01281
1.02272 1.01299
1.02305 1.01317
1.02338 1.01336
1.02371 1.01354
1.02404 1.01372
1.02437 1.01391
1.0247 1.01409
1.02503 1.01427
1.02536 1.01446
1.02569 1.01464
1.02602 1.01482
1.02635 1.015
1.02667 1.01519
1.027 1.01537
1.02733 1.01555
1.02766 1.01574
1.02799 1.01592
1.02832 1.0161
1.02865 1.01629
1.02898 1.01647
1.02931 1.01665
1.02964 1.01684
1.02997 1.01702
1.0303 1.0172
1.03063 1.01738
1.03096 1.01757
1.03129 1.01775
1.03162 1.01793
1.03195 1.01812
1.03228 1.0183
1.03261 1.01848
1.03294 1.01866
1.03327 1.01885
1.0336 1.01903
1.03393 1.01921
1.03426 1.0194
1.03459 1.01958
1.03492 1.01976
1.03525 1.01994
1.03558 1.02013
1.03591 1.02031
1.03624 1.02049
1.03657 1.02068
1.0369 1.02086
1.03723 1.02104
1.03756 1.02122
1.03789 1.02141
1.03822 1.02159
1.03855 1.02177
1.03888 1.02196
1.03921 1.02214
1.03954 1.02232
1.03987 1.0225
1.0402 1.02269
1.04053 1.02287
1.04086 1.02305
1.04119 1.02323
1.04152 1.02342
1.04185 1.0236
1.04218 1.02378
1.04251 1.02396
1.04284 1.02415
1.04317 1.02433
1.0435 1.02451
1.04383 1.0247
1.04416 1.02488
1.04449 1.02506
1.04482 1.02524
1.04515 1.02543
1.04548 1.02561
1.0458 1.02579
1.04613 1.02597
1.04646 1.02616
1.04679 1.02634
1.04712 1.02652
1.04745 1.0267
1.04778 1.02689
1.04811 1.02707
1.04844 1.02725
1.04877 1.02743
1.0491 1.02761
1.04943 1.0278
1.04976 1.02798
1.05009 1.02816
1.05042 1.02834
1.05075 1.02853
1.05108 1.02871
1.05141 1.02889
1.05174 1.02907
1.05207 1.02926
1.0524 1.02944
1.05273 1.02962
1.05306 1.0298
1.05339 1.02999
1.05372 1.03017
1.05405 1.03035
1.05438 1.03053
1.05471 1.03071
1.05504 1.0309
1.05537 1.03108
1.0557 1.03126
1.05603 1.03144
1.05636 1.03163
1.05669 1.03181
1.05702 1.03199
1.05735 1.03217
1.05768 1.03235
1.05801 1.03254
1.05834 1.03272
1.05867 1.0329
1.059 1.03308
1.05933 1.03326
1.05966 1.03345
1.05999 1.03363
1.06032 1.03381
1.06065 1.03399
1.06098 1.03417
1.06131 1.03436
1.06164 1.03454
1.06197 1.03472
1.0623 1.0349
1.06263 1.03508
1.06296 1.03527
1.06329 1.03545
1.06362 1.03563
1.06395 1.03581
1.06428 1.03599
1.06461 1.03618
1.06494 1.03636
1.06526 1.03654
1.06559 1.03672
1.06592 1.0369
1.06625 1.03709
1.06658 1.03727
1.06691 1.03745
1.06724 1.03763
1.06757 1.03781
1.0679 1.038
1.06823 1.03818
1.06856 1.03836
1.06889 1.03854
1.06922 1.03872
1.06955 1.0389
1.06988 1.03909
1.07021 1.03927
1.07054 1.03945
1.07087 1.03963
1.0712 1.03981
1.07153 1.03999
1.07186 1.04018
1.07219 1.04036
1.07252 1.04054
1.07285 1.04072
1.07318 1.0409
1.07351 1.04108
1.07384 1.04127
1.07417 1.04145
1.0745 1.04163
1.07483 1.04181
1.07516 1.04199
1.07549 1.04217
1.07582 1.04236
1.07615 1.04254
1.07648 1.04272
1.07681 1.0429
1.07714 1.04308
1.07747 1.04326
1.0778 1.04345
1.07813 1.04363
1.07846 1.04381
1.07879 1.04399
1.07912 1.04417
1.07945 1.04435
1.07978 1.04453
1.08011 1.04472
1.08044 1.0449
1.08077 1.04508
1.0811 1.04526
1.08143 1.04544
1.08176 1.04562
1.08209 1.0458
1.08242 1.04599
1.08275 1.04617
1.08308 1.04635
1.08341 1.04653
1.08374 1.04671
1.08407 1.04689
1.08439 1.04707
1.08472 1.04726
1.08505 1.04744
1.08538 1.04762
1.08571 1.0478
1.08604 1.04798
1.08637 1.04816
1.0867 1.04834
1.08703 1.04853
1.08736 1.04871
1.08769 1.04889
1.08802 1.04907
1.08835 1.04925
1.08868 1.04943
1.08901 1.04961
1.08934 1.04979
1.08967 1.04998
1.09 1.05016
1.09033 1.05034
1.09066 1.05052
1.09099 1.0507
1.09132 1.05088
1.09165 1.05106
1.09198 1.05124
1.09231 1.05143
1.09264 1.05161
1.09297 1.05179
1.0933 1.05197
1.09363 1.05215
1.09396 1.05233
1.09429 1.05251
1.09462 1.05269
1.09495 1.05287
1.09528 1.05306
1.09561 1.05324
1.09594 1.05342
1.09627 1.0536
1.0966 1.05378
1.09693 1.05396
1.09726 1.05414
1.09759 1.05432
1.09792 1.05451
1.09825 1.05469
1.09858 1.05487
1.09891 1.05505
1.09924 1.05523
1.09957 1.05541
1.0999 1.05559
1.10023 1.05577
1.10056 1.05595
1.10089 1.05613
1.10122 1.05632
1.10155 1.0565
1.10188 1.05668
1.10221 1.05686
1.10254 1.05704
1.10287 1.05722
1.1032 1.0574
1.10353 1.05758
1.10385 1.05776
1.10418 1.05795
1.10451 1.05813
1.10484 1.05831
1.10517 1.05849
1.1055 1.05867
1.10583 1.05885
1.10616 1.05903
1.10649 1.05921
1.10682 1.05939
1.10715 1.05957
1.10748 1.05976
1.10781 1.05994
1.10814 1.06012
1.10847 1.0603
1.1088 1.06048
1.10913 1.06066
1.10946 1.06084
1.10979 1.06102
1.11012 1.0612
1.11045 1.06138
1.11078 1.06157
1.11111 1.06175
1.11144 1.06193
1.11177 1.06211
1.1121 1.06229
1.11243 1.06247
1.11276 1.06265
1.11309 1.06283
1.11342 1.06301
1.11375 1.06319
1.11408 1.06337
1.11441 1.06356
1.11474 1.06374
1.11507 1.06392
1.1154 1.0641
1.11573 1.06428
1.11606 1.06446
1.11639 1.06464
1.11672 1.06482
1.11705 1.065
1.11738 1.06518
1.11771 1.06537
1.11804 1.06555
1.11837 1.06573
1.1187 1.06591
1.11903 1.06609
1.11936 1.06627
1.11969 1.06645
1.12002 1.06663
1.12035 1.06681
1.12068 1.06699
1.12101 1.06717
1.12134 1.06736
1.12167 1.06754
1.122 1.06772
1.12233 1.0679
1.12266 1.06808
1.12298 1.06826
1.12331 1.06844
1.12364 1.06862
1.12397 1.0688
1.1243 1.06898
1.12463 1.06916
1.12496 1.06935
1.12529 1.06953
1.12562 1.06971
1.12595 1.06989
1.12628 1.07007
1.12661 1.07025
1.12694 1.07043
1.12727 1.07061
1.12727 1.06318
1.1276 1.06305
1.12793 1.06291
1.12826 1.06278
1.12859 1.06264
1.12892 1.06251
1.12925 1.06237
1.12958 1.06224
1.12991 1.0621
1.13024 1.06197
1.13057 1.06183
1.1309 1.06169
1.13123 1.06156
1.13156 1.06142
1.13189 1.06129
1.13222 1.06115
1.13255 1.06102
1.13288 1.06088
1.13321 1.06075
1.13354 1.06061
1.13387 1.06047
1.1342 1.06034
1.13453 1.0602
1.13486 1.06007
1.13519 1.05993
1.13552 1.0598
1.13585 1.05966
1.13618 1.05953
1.13651 1.05939
1.13684 1.05926
1.13717 1.05912
1.1375 1.05898
1.13783 1.05885
1.13816 1.05871
1.13849 1.05858
1.13882 1.05844
1.13915 1.05831
1.13948 1.05817
1.13981 1.05804
1.14014 1.0579
1.14047 1.05776
1.1408 1.05763
1.14113 1.05749
1.14146 1.05736
1.14179 1.05722
1.14212 1.05709
1.14244 1.05695
1.14277 1.05682
1.1431 1.05668
1.14343 1.05654
1.14376 1.05641
1.14409 1.05627
1.14442 1.05614
1.14475 1.056
1.14508 1.05587
1.14541 1.05573
1.14574 1.0556
1.14607 1.05546
1.1464 1.05533
1.14673 1.05519
1.14706 1.05505
1.14739 1.05492
1.14772 1.05478
1.14805 1.05465
1.14838 1.05451
1.14871 1.05438
1.14904 1.05424
1.14937 1.05411
1.1497 1.05397
1.15003 1.05383
1.15036 1.0537
1.15069 1.05356
1.15102 1.05343
1.15135 1.05329
1.15168 1.05316
1.15201 1.05302
1.15234 1.05289
1.15267 1.05275
1.153 1.05261
1.15333 1.05248
1.15366 1.05234
1.15399 1.05221
1.15432 1.05207
1.15465 1.05194
1.15498 1.0518
1.15531 1.05166
1.15564 1.05153
1.15597 1.05139
1.1563 1.05126
1.15663 1.05112
1.15696 1.05099
1.15729 1.05085
1.15762 1.05072
1.15795 1.05058
1.15828 1.05044
1.15861 1.05031
1.15894 1.05017
1.15927 1.05004
1.1596 1.0499
1.15993 1.04977
1.16026 1.04963
1.16059 1.0495
1.16092 1.04936
1.16125 1.04922
1.16157 1.04909
1.1619 1.04895
1.16223 1.04882
1.16256 1.04868
1.16289 1.04855
1.16322 1.04841
1.16355 1.04827
1.16388 1.04814
1.16421 1.048
1.16454 1.04787
1.16487 1.04773
1.1652 1.0476
1.16553 1.04746
1.16586 1.04732
1.16619 1.04719
1.16652 1.04705
1.16685 1.04692
1.16718 1.04678
1.16751 1.04665
1.16784 1.04651
1.16817 1.04637
1.1685 1.04624
1.16883 1.0461
1.16916 1.04597
1.16949 1.04583
1.16982 1.0457
1.17015 1.04556
1.17048 1.04542
1.17081 1.04529
1.17114 1.04515
1.17147 1.04502
1.1718 1.04488
1.17213 1.04475
1.17246 1.04461
1.17279 1.04447
1.17312 1.04434
1.17345 1.0442
1.17378 1.04407
1.17411 1.04393
1.17444 1.04379
1.17477 1.04366
1.1751 1.04352
1.17543 1.04339
1.17576 1.04325
1.17609 1.04312
1.17642 1.04298
1.17675 1.04284
1.17708 1.04271
1.17741 1.04257
1.17774 1.04244
1.17807 1.0423
1.1784 1.04216
1.17873 1.04203
1.17906 1.04189
1.17939 1.04176
1.17972 1.04162
1.18005 1.04148
1.18038 1.04135
1.18071 1.04121
1.18103 1.04108
1.18136 1.04094
1.18169 1.0408
1.18202 1.04067
1.18235 1.04053
1.18268 1.0404
1.18301 1.04026
1.18334 1.04012
1.18367 1.03999
1.184 1.03985
1.18433 1.03972
1.18466 1.03958
1.18499 1.03945
1.18532 1.03931
1.18565 1.03917
1.18598 1.03904
1.18631 1.0389
1.18664 1.03876
1.18697 1.03863
1.1873 1.03849
1.18763 1.03836
1.18796 1.03822
1.18829 1.03808
1.18862 1.03795
1.18895 1.03781
1.18928 1.03768
1.18961 1.03754
1.18994 1.0374
1.19027 1.03727
1.1906 1.03713
1.19093 1.037
1.19126 1.03686
1.19159 1.03672
1.19192 1.03659
1.19225 1.03645
1.19258 1.03632
1.19291 1.03618
1.19324 1.03604
1.19357 1.03591
1.1939 1.03577
1.19423 1.03563
1.19456 1.0355
1.19489 1.03536
1.19522 1.03523
1.19555 1.03509
1.19588 1.03495
1.19621 1.03482
1.19654 1.03468
1.19687 1.03454
1.1972 1.03441
1.19753 1.03427
1.19786 1.03414
1.19819 1.034
1.19852 1.03386
1.19885 1.03373
1.19918 1.03359
1.19951 1.03345
1.19984 1.03332
1.20016 1.03318
1.20049 1.03305
1.20082 1.03291
1.20115 1.03277
1.20148 1.03264
1.20181 1.0325
1.20214 1.03236
1.20247 1.03223
1.2028 1.03209
1.20313 1.03196
1.20346 1.03182
1.20379 1.03168
1.20412 1.03155
1.20445 1.03141
1.20478 1.03127
1.20511 1.03114
1.20544 1.031
1.20577 1.03086
1.2061 1.03073
1.20643 1.03059
1.20676 1.03046
1.20709 1.03032
1.20742 1.03018
1.20775 1.03005
1.20808 1.02991
1.20841 1.02977
1.20874 1.02964
1.20907 1.0295
1.2094 1.02936
1.20973 1.02923
1.21006 1.02909
1.21039 1.02895
1.21072 1.02882
1.21105 1.02868
1.21138 1.02854
1.21171 1.02841
1.21204 1.02827
1.21237 1.02814
1.2127 1.028
1.21303 1.02786
1.21336 1.02773
1.21369 1.02759
1.21402 1.02745
1.21435 1.02732
1.21468 1.02718
1.21501 1.02704
1.21534 1.02691
1.21567 1.02677
1.216 1.02663
1.21633 1.0265
1.21666 1.02636
1.21699 1.02622
1.21732 1.02609
1.21765 1.02595
1.21798 1.02581
1.21831 1.02568
1.21864 1.02554
1.21897 1.0254
1.21929 1.02527
1.21962 1.02513
1.21995 1.02499
1.22028 1.02486
1.22061 1.02472
1.22094 1.02458
1.22127 1.02445
1.2216 1.02431
1.22193 1.02417
1.22226 1.02404
1.22259 1.0239
1.22292 1.02376
1.22325 1.02363
1.22358 1.02349
1.22391 1.02335
1.22424 1.02322
1.22457 1.02308
1.2249 1.02294
1.22523 1.02281
1.22556 1.02267
1.22589 1.02253
1.22622 1.0224
1.22655 1.02226
1.22688 1.02212
1.22721 1.02199
1.22754 1.02185
1.22787 1.02171
1.2282 1.02158
1.22853 1.02144
1.22886 1.0213
1.22919 1.02117
1.22952 1.02103
1.22985 1.02089
1.23018 1.02075
1.23051 1.02062
1.23084 1.02048
1.23117 1.02034
1.2315 1.02021
1.23183 1.02007
1.23216 1.01993
1.23249 1.0198
1.23282 1.01966
1.23315 1.01952
1.23348 1.01939
1.23381 1.01925
1.23414 1.01911
1.23447 1.01898
1.2348 1.01884
1.23513 1.0187
1.23546 1.01857
1.23579 1.01843
1.23612 1.01829
1.23645 1.01815
1.23678 1.01802
1.23711 1.01788
1.23744 1.01774
1.23777 1.01761
1.2381 1.01747
1.23843 1.01733
1.23875 1.0172
1.23908 1.01706
1.23941 1.01692
1.23974 1.01679
1.24007 1.01665
1.2404 1.01651
1.24073 1.01637
1.24106 1.01624
1.24139 1.0161
1.24172 1.01596
1.24205 1.01583
1.24238 1.01569
1.24271 1.01555
1.24304 1.01542
1.24337 1.01528
1.2437 1.01514
1.24403 1.01501
1.24436 1.01487
1.24469 1.01473
1.24502 1.01459
1.24535 1.01446
1.24568 1.01432
1.24601 1.01418
1.24634 1.01405
1.24667 1.01391
1.247 1.01377
1.24733 1.01364
1.24766 1.0135
1.24799 1.01336
1.24832 1.01322
1.24865 1.01309
1.24898 1.01295
1.24931 1.01281
1.24964 1.01268
1.24997 1.01254
1.2503 1.0124
1.25063 1.01227
1.25096 1.01213
1.25129 1.01199
1.25162 1.01185
1.25195 1.01172
1.25228 1.01158
1.25261 1.01144
1.25294 1.01131
1.25327 1.01117
1.2536 1.01103
1.25393 1.0109
1.25426 1.01076
1.25459 1.01062
1.25492 1.01048
1.25525 1.01035
1.25558 1.01021
1.25591 1.01007
1.25624 1.00994
1.25657 1.0098
1.2569 1.00966
1.25723 1.00953
1.25756 1.00939
1.25788 1.00925
1.25821 1.00911
1.25854 1.00898
1.25887 1.00884
1.2592 1.0087
1.25953 1.00857
1.25986 1.00843
1.26019 1.00829
1.26052 1.00815
1.26085 1.00802
1.26118 1.00788
1.26151 1.00774
1.26184 1.00761
1.26217 1.00747
1.2625 1.00733
1.26283 1.0072
1.26316 1.00706
1.26349 1.00692
1.26382 1.00678
1.26415 1.00665
1.26448 1.00651
1.26481 1.00637
1.26514 1.00624
1.26547 1.0061
1.2658 1.00596
1.26613 1.00582
1.26646 1.00569
1.26679 1.00555
1.26712 1.00541
1.26745 1.00528
1.26778 1.00514
1.26811 1.005
1.26844 1.00486
1.26877 1.00473
1.2691 1.00459
1.26943 1.00445
1.26976 1.00432
1.27009 1.00418
1.27042 1.00404
1.27075 1.00391
1.27108 1.00377
1.27141 1.00363
1.27174 1.00349
1.27207 1.00336
1.2724 1.00322
1.27273 1.00308
1.27273 0.99853
1.27306 0.998208
1.27339 0.997886
1.27372 0.997565
1.27405 0.997243
1.27438 0.996922
1.27471 0.9966
1.27504 0.996278
1.27537 0.995957
1.2757 0.995635
1.27603 0.995313
1.27636 0.994992
1.27669 0.99467
1.27702 0.994349
1.27734 0.994027
1.27767 0.993705
1.278 0.993384
1.27833 0.993062
1.27866 0.992741
1.27899 0.992419
1.27932 0.992097
1.27965 0.991776
1.27998 0.991454
1.28031 0.991132
1.28064 0.990811
1.28097 0.990489
1.2813 0.990168
1.28163 0.989846
1.28196 0.989524
1.28229 0.989203
1.28262 0.988881
1.28295 0.988559
1.28328 0.988238
1.28361 0.987916
1.28394 0.987595
1.28427 0.987273
1.2846 0.986951
1.28493 0.98663
1.28526 0.986308
1.28559 0.985987
1.28592 0.985665
1.28625 0.985343
1.28658 0.985022
1.28691 0.9847
1.28724 0.984378
1.28757 0.984057
1.2879 0.983735
1.28823 0.983414
1.28856 0.983092
1.28889 0.98277
1.28922 0.982449
1.28955 0.982127
1.28988 0.981805
1.29021 0.981484
1.29054 0.981162
1.29087 0.98084
1.2912 0.980519
1.29153 0.980197
1.29186 0.979876
1.29219 0.979554
1.29252 0.979232
1.29285 0.978911
1.29318 0.978589
1.29351 0.978267
1.29384 0.977946
1.29417 0.977624
1.2945 0.977302
1.29483 0.976981
1.29516 0.976659
1.29549 0.976338
1.29582 0.976016
1.29615 0.975694
1.29647 0.975373
1.2968 0.975051
1.29713 0.974729
1.29746 0.974408
1.29779 0.974086
1.29812 0.973764
1.29845 0.973443
1.29878 0.973121
1.29911 0.972799
1.29944 0.972478
1.29977 0.972156
1.3001 0.971834
1.30043 0.971513
1.30076 0.971191
1.30109 0.970869
1.30142 0.970548
1.30175 0.970226
1.30208 0.969904
1.30241 0.969583
1.30274 0.969261
1.30307 0.968939
1.3034 0.968618
1.30373 0.968296
1.30406 0.967974
1.30439 0.967653
1.30472 0.967331
1.30505 0.967009
1.30538 0.966688
1.30571 0.966366
1.30604 0.966044
1.30637 0.965722
1.3067 0.965401
1.30703 0.965079
1.30736 0.964757
1.30769 0.964436
1.30802 0.964114
1.30835 0.963792
1.30868 0.96347
1.30901 0.963149
1.30934 0.962827
1.30967 0.962505
1.31 0.962184
1.31033 0.961862
1.31066 0.96154
1.31099 0.961218
1.31132 0.960897
1.31165 0.960575
1.31198 0.960253
1.31231 0.959931
1.31264 0.95961
1.31297 0.959288
1.3133 0.958966
1.31363 0.958644
1.31396 0.958323
1.31429 0.958001
1.31462 0.957679
1.31495 0.957357
1.31528 0.957036
1.31561 0.956714
1.31593 0.956392
1.31626 0.95607
1.31659 0.955749
1.31692 0.955427
1.31725 0.955105
1.31758 0.954783
1.31791 0.954462
1.31824 0.95414
1.31857 0.953818
1.3189 0.953496
1.31923 0.953174
1.31956 0.952853
1.31989 0.952531
1.32022 0.952209
1.32055 0.951887
1.32088 0.951565
1.32121 0.951244
1.32154 0.950922
1.32187 0.9506
1.3222 0.950278
1.32253 0.949956
1.32286 0.949634
1.32319 0.949313
1.32352 0.948991
1.32385 0.948669
1.32418 0.948347
1.32451 0.948025
1.32484 0.947703
1.32517 0.947382
1.3255 0.94706
1.32583 0.946738
1.32616 0.946416
1.32649 0.946094
1.32682 0.945772
1.32715 0.94545
1.32748 0.945128
1.32781 0.944807
1.32814 0.944485
1.32847 0.944163
1.3288 0.943841
1.32913 0.943519
1.32946 0.943197
1.32979 0.942875
1.33012 0.942553
1.33045 0.942231
1.33078 0.94191
1.33111 0.941588
1.33144 0.941266
1.33177 0.940944
1.3321 0.940622
1.33243 0.9403
1.33276 0.939978
1.33309 0.939656
1.33342 0.939334
1.33375 0.939012
1.33408 0.93869
1.33441 0.938368
1.33474 0.938046
1.33506 0.937724
1.33539 0.937403
1.33572 0.937081
1.33605 0.936759
1.33638 0.936437
1.33671 0.936115
1.33704 0.935793
1.33737 0.935471
1.3377 0.935149
1.33803 0.934827
1.33836 0.934505
1.33869 0.934183
1.33902 0.933861
1.33935 0.933539
1.33968 0.933217
1.34001 0.932895
1.34034 0.932573
1.34067 0.932251
1.341 0.931929
1.34133 0.931607
1.34166 0.931285
1.34199 0.930963
1.34232 0.930641
1.34265 0.930319
1.34298 0.929997
1.34331 0.929675
1.34364 0.929353
1.34397 0.92903
1.3443 0.928708
1.34463 0.928386
1.34496 0.928064
1.34529 0.927742
1.34562 0.92742
1.34595 0.927098
1.34628 0.926776
1.34661 0.926454
1.34694 0.926132
1.34727 0.92581
1.3476 0.925488
1.34793 0.925166
1.34826 0.924844
1.34859 0.924521
1.34892 0.924199
1.34925 0.923877
1.34958 0.923555
1.34991 0.923233
1.35024 0.922911
1.35057 0.922589
1.3509 0.922267
1.35123 0.921945
1.35156 0.921622
1.35189 0.9213
1.35222 0.920978
1.35255 0.920656
1.35288 0.920334
1.35321 0.920012
1.35354 0.91969
1.35387 0.919367
1.3542 0.919045
1.35452 0.918723
1.35485 0.918401
1.35518 0.918079
1.35551 0.917757
1.35584 0.917434
1.35617 0.917112
1.3565 0.91679
1.35683 0.916468
1.35716 0.916146
1.35749 0.915824
1.35782 0.915501
1.35815 0.915179
1.35848 0.914857
1.35881 0.914535
1.35914 0.914213
1.35947 0.91389
1.3598 0.913568
1.36013 0.913246
1.36046 0.912924
1.36079 0.912601
1.36112 0.912279
1.36145 0.911957
1.36178 0.911635
1.36211 0.911313
1.36244 0.91099
1.36277 0.910668
1.3631 0.910346
1.36343 0.910024
1.36376 0.909701
1.36409 0.909379
1.36442 0.909057
1.36475 0.908735
1.36508 0.908412
1.36541 0.90809
1.36574 0.907768
1.36607 0.907445
1.3664 0.907123
1.36673 0.906801
1.36706 0.906479
1.36739 0.906156
1.36772 0.905834
1.36805 0.905512
1.36838 0.905189
1.36871 0.904867
1.36904 0.904545
1.36937 0.904223
1.3697 0.9039
1.37003 0.903578
1.37036 0.903256
1.37069 0.902933
1.37102 0.902611
1.37135 0.902289
1.37168 0.901966
1.37201 0.901644
1.37234 0.901322
1.37267 0.900999
1.373 0.900677
1.37333 0.900355
1.37365 0.900032
1.37398 0.89971
1.37431 0.899388
1.37464 0.899065
1.37497 0.898743
1.3753 0.898421
1.37563 0.898098
1.37596 0.897776
1.37629 0.897454
1.37662 0.897131
1.37695 0.896809
1.37728 0.896486
1.37761 0.896164
1.37794 0.895842
1.37827 0.895519
1.3786 0.895197
1.37893 0.894875
1.37926 0.894552
1.37959 0.89423
1.37992 0.893907
1.38025 0.893585
1.38058 0.893263
1.38091 0.89294
1.38124 0.892618
1.38157 0.892295
1.3819 0.891973
1.38223 0.891651
1.38256 0.891328
1.38289 0.891006
1.38322 0.890683
1.38355 0.890361
1.38388 0.890039
1.38421 0.889716
1.38454 0.889394
1.38487 0.889071
1.3852 0.888749
1.38553 0.888427
1.38586 0.888104
1.38619 0.887782
1.38652 0.887459
1.38685 0.887137
1.38718 0.886814
1.38751 0.886492
1.38784 0.88617
1.38817 0.885847
1.3885 0.885525
1.38883 0.885202
1.38916 0.88488
1.38949 0.884557
1.38982 0.884235
1.39015 0.883912
1.39048 0.88359
1.39081 0.883268
1.39114 0.882945
1.39147 0.882623
1.3918 0.8823
1.39213 0.881978
1.39246 0.881655
1.39278 0.881333
1.39311 0.88101
1.39344 0.880688
1.39377 0.880365
1.3941 0.880043
1.39443 0.87972
1.39476 0.879398
1.39509 0.879076
1.39542 0.878753
1.39575 0.878431
1.39608 0.878108
1.39641 0.877786
1.39674 0.877463
1.39707 0.877141
1.3974 0.876818
1.39773 0.876496
1.39806 0.876173
1.39839 0.875851
1.39872 0.875528
1.39905 0.875206
1.39938 0.874883
1.39971 0.874561
1.40004 0.874238
1.40037 0.873916
1.4007 0.873593
1.40103 0.873271
1.40136 0.872948
1.40169 0.872626
1.40202 0.872303
1.40235 0.871981
1.40268 0.871658
1.40301 0.871336
1.40334 0.871013
1.40367 0.870691
1.404 0.870368
1.40433 0.870046
1.40466 0.869724
1.40499 0.869401
1.40532 0.869079
1.40565 0.868756
1.40598 0.868434
1.40631 0.868111
1.40664 0.867789
1.40697 0.867466
1.4073 0.867144
1.40763 0.866821
1.40796 0.866499
1.40829 0.866176
1.40862 0.865853
1.40895 0.865531
1.40928 0.865208
1.40961 0.864886
1.40994 0.864563
1.41027 0.864241
1.4106 0.863918
1.41093 0.863596
1.41126 0.863273
1.41159 0.862951
1.41192 0.862628
1.41224 0.862306
1.41257 0.861983
1.4129 0.861661
1.41323 0.861338
1.41356 0.861016
1.41389 0.860693
1.41422 0.860371
1.41455 0.860048
1.41488 0.859726
1.41521 0.859403
1.41554 0.859081
1.41587 0.858758
1.4162 0.858436
1.41653 0.858113
1.41686 0.857791
1.41719 0.857468
1.41752 0.857146
1.41785 0.856823
1.41818 0.856501
1.41818 0.85386
1.41851 0.853435
1.41884 0.853009
1.41917 0.852584
1.4195 0.852158
1.41983 0.851733
1.42016 0.851308
1.42049 0.850882
1.42082 0.850457
1.42115 0.850031
1.42148 0.849606
1.42181 0.849181
1.42214 0.848755
1.42247 0.84833
1.4228 0.847904
1.42313 0.847479
1.42346 0.847054
1.42379 0.846628
1.42412 0.846203
1.42445 0.845777
1.42478 0.845352
1.42511 0.844927
1.42544 0.844501
1.42577 0.844076
1.4261 0.84365
1.42643 0.843225
1.42676 0.8428
1.42709 0.842374
1.42742 0.841949
1.42775 0.841523
1.42808 0.841098
1.42841 0.840673
1.42874 0.840247
1.42907 0.839822
1.4294 0.839396
1.42973 0.838971
1.43006 0.838546
1.43039 0.83812
1.43072 0.837695
1.43105 0.837269
1.43137 0.836844
1.4317 0.836419
1.43203 0.835993
1.43236 0.835568
1.43269 0.835142
1.43302 0.834717
1.43335 0.834292
1.43368 0.833866
1.43401 0.833441
1.43434 0.833015
1.43467 0.83259
1.435 0.832165
1.43533 0.831739
1.43566 0.831314
1.43599 0.830888
1.43632 0.830463
1.43665 0.830037
1.43698 0.829612
1.43731 0.829187
1.43764 0.828761
1.43797 0.828336
1.4383 0.82791
1.43863 0.827485
1.43896 0.82706
1.43929 0.826634
1.43962 0.826209
1.43995 0.825783
1.44028 0.825358
1.44061 0.824933
1.44094 0.824507
1.44127 0.824082
1.4416 0.823656
1.44193 0.823231
1.44226 0.822805
1.44259 0.82238
1.44292 0.821955
1.44325 0.821529
1.44358 0.821104
1.44391 0.820678
1.44424 0.820253
1.44457 0.819827
1.4449 0.819402
1.44523 0.818977
1.44556 0.818551
1.44589 0.818126
1.44622 0.8177
1.44655 0.817275
1.44688 0.816849
1.44721 0.816424
1.44754 0.815999
1.44787 0.815573
1.4482 0.815148
1.44853 0.814722
1.44886 0.814297
1.44919 0.813871
1.44952 0.813446
1.44985 0.813021
1.45018 0.812595
1.45051 0.81217
1.45083 0.811744
1.45116 0.811319
1.45149 0.810893
1.45182 0.810468
1.45215 0.810042
1.45248 0.809617
1.45281 0.809192
1.45314 0.808766
1.45347 0.808341
1.4538 0.807915
1.45413 0.80749
1.45446 0.807064
1.45479 0.806639
1.45512 0.806213
1.45545 0.805788
1.45578 0.805362
1.45611 0.804937
1.45644 0.804512
1.45677 0.804086
1.4571 0.803661
1.45743 0.803235
1.45776 0.80281
1.45809 0.802384
1.45842 0.801959
1.45875 0.801533
1.45908 0.801108
1.45941 0.800682
1.45974 0.800257
1.46007 0.799831
1.4604 0.799406
1.46073 0.79898
1.46106 0.798555
1.46139 0.798129
1.46172 0.797704
1.46205 0.797278
1.46238 0.796853
1.46271 0.796427
1.46304 0.796002
1.46337 0.795576
1.4637 0.795151
1.46403 0.794725
1.46436 0.7943
1.46469 0.793874
1.46502 0.793449
1.46535 0.793023
1.46568 0.792598
1.46601 0.792172
1.46634 0.791747
1.46667 0.791321
1.467 0.790896
1.46733 0.79047
1.46766 0.790045
1.46799 0.789619
1.46832 0.789194
1.46865 0.788768
1.46898 0.788343
1.46931 0.787917
1.46964 0.787492
1.46996 0.787066
1.47029 0.786641
1.47062 0.786215
1.47095 0.78579
1.47128 0.785364
1.47161 0.784939
1.47194 0.784513
1.47227 0.784088
1.4726 0.783662
1.47293 0.783236
1.47326 0.782811
1.47359 0.782385
1.47392 0.78196
1.47425 0.781534
1.47458 0.781109
1.47491 0.780683
1.47524 0.780258
1.47557 0.779832
1.4759 0.779407
1.47623 0.778981
1.47656 0.778555
1.47689 0.77813
1.47722 0.777704
1.47755 0.777279
1.47788 0.776853
1.47821 0.776428
1.47854 0.776002
1.47887 0.775576
1.4792 0.775151
1.47953 0.774725
1.47986 0.7743
1.48019 0.773874
1.48052 0.773449
1.48085 0.773023
1.48118 0.772597
1.48151 0.772172
1.48184 0.771746
1.48217 0.771321
1.4825 0.770895
1.48283 0.770469
1.48316 0.770044
1.48349 0.769618
1.48382 0.769193
1.48415 0.768767
1.48448 0.768341
1.48481 0.767916
1.48514 0.76749
1.48547 0.767065
1.4858 0.766639
1.48613 0.766213
1.48646 0.765788
1.48679 0.765362
1.48712 0.764936
1.48745 0.764511
1.48778 0.764085
1.48811 0.76366
1.48844 0.763234
1.48877 0.762808
1.4891 0.762383
1.48942 0.761957
1.48975 0.761531
1.49008 0.761106
1.49041 0.76068
1.49074 0.760255
1.49107 0.759829
1.4914 0.759403
1.49173 0.758978
1.49206 0.758552
1.49239 0.758126
1.49272 0.757701
1.49305 0.757275
1.49338 0.756849
1.49371 0.756424
1.49404 0.755998
1.49437 0.755572
1.4947 0.755147
1.49503 0.754721
1.49536 0.754295
1.49569 0.75387
1.49602 0.753444
1.49635 0.753018
1.49668 0.752593
1.49701 0.752167
1.49734 0.751741
1.49767 0.751316
1.498 0.75089
1.49833 0.750464
1.49866 0.750039
1.49899 0.749613
1.49932 0.749187
1.49965 0.748761
1.49998 0.748336
1.50031 0.74791
1.50064 0.747484
1.50097 0.747059
1.5013 0.746633
1.50163 0.746207
1.50196 0.745782
1.50229 0.745356
1.50262 0.74493
1.50295 0.744504
1.50328 0.744079
1.50361 0.743653
1.50394 0.743227
1.50427 0.742802
1.5046 0.742376
1.50493 0.74195
1.50526 0.741524
1.50559 0.741099
1.50592 0.740673
1.50625 0.740247
1.50658 0.739821
1.50691 0.739396
1.50724 0.73897
1.50757 0.738544
1.5079 0.738118
1.50823 0.737693
1.50855 0.737267
1.50888 0.736841
1.50921 0.736416
1.50954 0.73599
1.50987 0.735564
1.5102 0.735138
1.51053 0.734712
1.51086 0.734287
1.51119 0.733861
1.51152 0.733435
1.51185 0.733009
1.51218 0.732584
1.51251 0.732158
1.51284 0.731732
1.51317 0.731306
1.5135 0.730881
1.51383 0.730455
1.51416 0.730029
1.51449 0.729603
1.51482 0.729178
1.51515 0.728752
1.51548 0.728326
1.51581 0.7279
1.51614 0.727474
1.51647 0.727049
1.5168 0.726623
1.51713 0.726197
1.51746 0.725771
1.51779 0.725346
1.51812 0.72492
1.51845 0.724494
1.51878 0.724068
1.51911 0.723642
1.51944 0.723217
1.51977 0.722791
1.5201 0.722365
1.52043 0.721939
1.52076 0.721513
1.52109 0.721088
1.52142 0.720662
1.52175 0.720236
1.52208 0.71981
1.52241 0.719384
1.52274 0.718959
1.52307 0.718533
1.5234 0.718107
1.52373 0.717681
1.52406 0.717255
1.52439 0.716829
1.52472 0.716404
1.52505 0.715978
1.52538 0.715552
1.52571 0.715126
1.52604 0.7147
1.52637 0.714275
1.5267 0.713849
1.52703 0.713423
1.52736 0.712997
1.52769 0.712571
1.52801 0.712145
1.52834 0.71172
1.52867 0.711294
1.529 0.710868
1.52933 0.710442
1.52966 0.710016
1.52999 0.70959
1.53032 0.709165
1.53065 0.708739
1.53098 0.708313
1.53131 0.707887
1.53164 0.707461
1.53197 0.707035
1.5323 0.70661
1.53263 0.706184
1.53296 0.705758
1.53329 0.705332
1.53362 0.704906
1.53395 0.70448
1.53428 0.704054
1.53461 0.703629
1.53494 0.703203
1.53527 0.702777
1.5356 0.702351
1.53593 0.701925
1.53626 0.701499
1.53659 0.701073
1.53692 0.700648
1.53725 0.700222
1.53758 0.699796
1.53791 0.69937
1.53824 0.698944
1.53857 0.698518
1.5389 0.698092
1.53923 0.697667
1.53956 0.697241
1.53989 0.696815
1.54022 0.696389
1.54055 0.695963
1.54088 0.695537
1.54121 0.695111
1.54154 0.694686
1.54187 0.69426
1.5422 0.693834
1.54253 0.693408
1.54286 0.692982
1.54319 0.692556
1.54352 0.69213
1.54385 0.691704
1.54418 0.691279
1.54451 0.690853
1.54484 0.690427
1.54517 0.690001
1.5455 0.689575
1.54583 0.689149
1.54616 0.688723
1.54649 0.688297
1.54682 0.687872
1.54714 0.687446
1.54747 0.68702
1.5478 0.686594
1.54813 0.686168
1.54846 0.685742
1.54879 0.685316
1.54912 0.68489
1.54945 0.684465
1.54978 0.684039
1.55011 0.683613
1.55044 0.683187
1.55077 0.682761
1.5511 0.682335
1.55143 0.681909
1.55176 0.681483
1.55209 0.681058
1.55242 0.680632
1.55275 0.680206
1.55308 0.67978
1.55341 0.679354
1.55374 0.678928
1.55407 0.678502
1.5544 0.678076
1.55473 0.67765
1.55506 0.677225
1.55539 0.676799
1.55572 0.676373
1.55605 0.675947
1.55638 0.675521
1.55671 0.675095
1.55704 0.674669
1.55737 0.674243
1.5577 0.673818
1.55803 0.673392
1.55836 0.672966
1.55869 0.67254
1.55902 0.672114
1.55935 0.671688
1.55968 0.671262
1.56001 0.670836
1.56034 0.67041
1.56067 0.669985
1.561 0.669559
1.56133 0.669133
1.56166 0.668707
1.56199 0.668281
1.56232 0.667855
1.56265 0.667429
1.56298 0.667003
1.56331 0.666577
1.56364 0.666152
1.56364 0.66467
1.56397 0.66419
1.5643 0.663709
1.56463 0.663229
1.56496 0.662749
1.56529 0.662268
1.56562 0.661788
1.56595 0.661307
1.56627 0.660827
1.5666 0.660347
1.56693 0.659866
1.56726 0.659386
1.56759 0.658906
1.56792 0.658425
1.56825 0.657945
1.56858 0.657464
1.56891 0.656984
1.56924 0.656504
1.56957 0.656023
1.5699 0.655543
1.57023 0.655063
1.57056 0.654582
1.57089 0.654102
1.57122 0.653621
1.57155 0.653141
1.57188 0.652661
1.57221 0.65218
1.57254 0.6517
1.57287 0.651219
1.5732 0.650739
1.57353 0.650259
1.57386 0.649778
1.57419 0.649298
1.57452 0.648818
1.57485 0.648337
1.57518 0.647857
1.57551 0.647376
1.57584 0.646896
1.57617 0.646416
1.5765 0.645935
1.57683 0.645455
1.57716 0.644975
1.57749 0.644494
1.57782 0.644014
1.57815 0.643533
1.57848 0.643053
1.57881 0.642573
1.57914 0.642092
1.57947 0.641612
1.5798 0.641131
1.58013 0.640651
1.58046 0.640171
1.58079 0.63969
1.58112 0.63921
1.58145 0.63873
1.58178 0.638249
1.58211 0.637769
1.58244 0.637288
1.58277 0.636808
1.5831 0.636328
1.58343 0.635847
1.58376 0.635367
1.58409 0.634887
1.58442 0.634406
1.58475 0.633926
1.58508 0.633445
1.58541 0.632965
1.58573 0.632485
1.58606 0.632004
1.58639 0.631524
1.58672 0.631043
1.58705 0.630563
1.58738 0.630083
1.58771 0.629602
1.58804 0.629122
1.58837 0.628641
1.5887 0.628161
1.58903 0.627681
1.58936 0.6272
1.58969 0.62672
1.59002 0.62624
1.59035 0.625759
1.59068 0.625279
1.59101 0.624798
1.59134 0.624318
1.59167 0.623838
1.592 0.623357
1.59233 0.622877
1.59266 0.622396
1.59299 0.621916
1.59332 0.621436
1.59365 0.620955
1.59398 0.620475
1.59431 0.619994
1.59464 0.619514
1.59497 0.619034
1.5953 0.618553
1.59563 0.618073
1.59596 0.617592
1.59629 0.617112
1.59662 0.616632
1.59695 0.616151
1.59728 0.615671
1.59761 0.61519
1.59794 0.61471
1.59827 0.61423
1.5986 0.613749
1.59893 0.613269
1.59926 0.612788
1.59959 0.612308
1.59992 0.611828
1.60025 0.611347
1.60058 0.610867
1.60091 0.610386
1.60124 0.609906
1.60157 0.609426
1.6019 0.608945
1.60223 0.608465
1.60256 0.607984
1.60289 0.607504
1.60322 0.607023
1.60355 0.606543
1.60388 0.606063
1.60421 0.605582
1.60454 0.605102
1.60486 0.604621
1.60519 0.604141
1.60552 0.603661
1.60585 0.60318
1.60618 0.6027
1.60651 0.602219
1.60684 0.601739
1.60717 0.601258
1.6075 0.600778
1.60783 0.600298
1.60816 0.599817
1.60849 0.599337
1.60882 0.598856
1.60915 0.598376
1.60948 0.597895
1.60981 0.597415
1.61014 0.596935
1.61047 0.596454
1.6108 0.595974
1.61113 0.595493
1.61146 0.595013
1.61179 0.594532
1.61212 0.594052
1.61245 0.593572
1.61278 0.593091
1.61311 0.592611
1.61344 0.59213
1.61377 0.59165
1.6141 0.591169
1.61443 0.590689
1.61476 0.590209
1.61509 0.589728
1.61542 0.589248
1.61575 0.588767
1.61608 0.588287
1.61641 0.587806
1.61674 0.587326
1.61707 0.586845
1.6174 0.586365
1.61773 0.585885
1.61806 0.585404
1.61839 0.584924
1.61872 0.584443
1.61905 0.583963
1.61938 0.583482
1.61971 0.583002
1.62004 0.582521
1.62037 0.582041
1.6207 0.58156
1.62103 0.58108
1.62136 0.5806
1.62169 0.580119
1.62202 0.579639
1.62235 0.579158
1.62268 0.578678
1.62301 0.578197
1.62334 0.577717
1.62367 0.577236
1.624 0.576756
1.62432 0.576275
1.62465 0.575795
1.62498 0.575314
1.62531 0.574834
1.62564 0.574353
1.62597 0.573873
1.6263 0.573393
1.62663 0.572912
1.62696 0.572432
1.62729 0.571951
1.62762 0.571471
1.62795 0.57099
1.62828 0.57051
1.62861 0.570029
1.62894 0.569549
1.62927 0.569068
1.6296 0.568588
1.62993 0.568107
1.63026 0.567627
1.63059 0.567146
1.63092 0.566666
1.63125 0.566185
1.63158 0.565705
1.63191 0.565224
1.63224 0.564744
1.63257 0.564263
1.6329 0.563783
1.63323 0.563302
1.63356 0.562822
1.63389 0.562341
1.63422 0.561861
1.63455 0.56138
1.63488 0.5609
1.63521 0.560419
1.63554 0.559939
1.63587 0.559458
1.6362 0.558978
1.63653 0.558497
1.63686 0.558017
1.63719 0.557536
1.63752 0.557056
1.63785 0.556575
1.63818 0.556095
1.63851 0.555614
1.63884 0.555134
1.63917 0.554653
1.6395 0.554173
1.63983 0.553692
1.64016 0.553212
1.64049 0.552731
1.64082 0.552251
1.64115 0.55177
1.64148 0.55129
1.64181 0.550809
1.64214 0.550329
1.64247 0.549848
1.6428 0.549368
1.64313 0.548887
1.64345 0.548407
1.64378 0.547926
1.64411 0.547446
1.64444 0.546965
1.64477 0.546485
1.6451 0.546004
1.64543 0.545523
1.64576 0.545043
1.64609 0.544562
1.64642 0.544082
1.64675 0.543601
1.64708 0.543121
1.64741 0.54264
1.64774 0.54216
1.64807 0.541679
1.6484 0.541199
1.64873 0.540718
1.64906 0.540238
1.64939 0.539757
1.64972 0.539276
1.65005 0.538796
1.65038 0.538315
1.65071 0.537835
1.65104 0.537354
1.65137 0.536874
1.6517 0.536393
1.65203 0.535913
1.65236 0.535432
1.65269 0.534952
1.65302 0.534471
1.65335 0.53399
1.65368 0.53351
1.65401 0.533029
1.65434 0.532549
1.65467 0.532068
1.655 0.531588
1.65533 0.531107
1.65566 0.530627
1.65599 0.530146
1.65632 0.529665
1.65665 0.529185
1.65698 0.528704
1.65731 0.528224
1.65764 0.527743
1.65797 0.527263
1.6583 0.526782
1.65863 0.526302
1.65896 0.525821
1.65929 0.52534
1.65962 0.52486
1.65995 0.524379
1.66028 0.523899
1.66061 0.523418
1.66094 0.522938
1.66127 0.522457
1.6616 0.521976
1.66193 0.521496
1.66226 0.521015
1.66259 0.520535
1.66291 0.520054
1.66324 0.519574
1.66357 0.519093
1.6639 0.518612
1.66423 0.518132
1.66456 0.517651
1.66489 0.517171
1.66522 0.51669
1.66555 0.51621
1.66588 0.515729
1.66621 0.515248
1.66654 0.514768
1.66687 0.514287
1.6672 0.513807
1.66753 0.513326
1.66786 0.512845
1.66819 0.512365
1.66852 0.511884
1.66885 0.511404
1.66918 0.510923
1.66951 0.510442
1.66984 0.509962
1.67017 0.509481
1.6705 0.509001
1.67083 0.50852
1.67116 0.50804
1.67149 0.507559
1.67182 0.507078
1.67215 0.506598
1.67248 0.506117
1.67281 0.505637
1.67314 0.505156
1.67347 0.504675
1.6738 0.504195
1.67413 0.503714
1.67446 0.503234
1.67479 0.502753
1.67512 0.502272
1.67545 0.501792
1.67578 0.501311
1.67611 0.500831
1.67644 0.50035
1.67677 0.499869
1.6771 0.499389
1.67743 0.498908
1.67776 0.498428
1.67809 0.497947
1.67842 0.497466
1.67875 0.496986
1.67908 0.496505
1.67941 0.496025
1.67974 0.495544
1.68007 0.495063
1.6804 0.494583
1.68073 0.494102
1.68106 0.493622
1.68139 0.493141
1.68172 0.49266
1.68204 0.49218
1.68237 0.491699
1.6827 0.491218
1.68303 0.490738
1.68336 0.490257
1.68369 0.489777
1.68402 0.489296
1.68435 0.488815
1.68468 0.488335
1.68501 0.487854
1.68534 0.487374
1.68567 0.486893
1.686 0.486412
1.68633 0.485932
1.68666 0.485451
1.68699 0.484971
1.68732 0.48449
1.68765 0.484009
1.68798 0.483529
1.68831 0.483048
1.68864 0.482567
1.68897 0.482087
1.6893 0.481606
1.68963 0.481126
1.68996 0.480645
1.69029 0.480164
1.69062 0.479684
1.69095 0.479203
1.69128 0.478722
1.69161 0.478242
1.69194 0.477761
1.69227 0.477281
1.6926 0.4768
1.69293 0.476319
1.69326 0.475839
1.69359 0.475358
1.69392 0.474878
1.69425 0.474397
1.69458 0.473916
1.69491 0.473436
1.69524 0.472955
1.69557 0.472474
1.6959 0.471994
1.69623 0.471513
1.69656 0.471033
1.69689 0.470552
1.69722 0.470071
1.69755 0.469591
1.69788 0.46911
1.69821 0.468629
1.69854 0.468149
1.69887 0.467668
1.6992 0.467188
1.69953 0.466707
1.69986 0.466226
1.70019 0.465746
1.70052 0.465265
1.70085 0.464784
1.70118 0.464304
1.7015 0.463823
1.70183 0.463343
1.70216 0.462862
1.70249 0.462381
1.70282 0.461901
1.70315 0.46142
1.70348 0.460939
1.70381 0.460459
1.70414 0.459978
1.70447 0.459498
1.7048 0.459017
1.70513 0.458536
1.70546 0.458056
1.70579 0.457575
1.70612 0.457094
1.70645 0.456614
1.70678 0.456133
1.70711 0.455653
1.70744 0.455172
1.70777 0.454691
1.7081 0.454211
1.70843 0.45373
1.70876 0.453249
1.70909 0.452769
1.70909 0.45197
1.70942 0.451463
1.70975 0.450957
1.71008 0.45045
1.71041 0.449943
1.71074 0.449436
1.71107 0.448929
1.7114 0.448422
1.71173 0.447915
1.71206 0.447409
1.71239 0.446902
1.71272 0.446395
1.71305 0.445888
1.71338 0.445381
1.71371 0.444874
1.71404 0.444368
1.71437 0.443861
1.7147 0.443354
1.71503 0.442847
1.71536 0.44234
1.71569 0.441833
1.71602 0.441326
1.71635 0.44082
1.71668 0.440313
1.71701 0.439806
1.71734 0.439299
1.71767 0.438792
1.718 0.438285
1.71833 0.437779
1.71866 0.437272
1.71899 0.436765
1.71932 0.436258
1.71965 0.435751
1.71998 0.435244
1.72031 0.434737
1.72063 0.434231
1.72096 0.433724
1.72129 0.433217
1.72162 0.43271
1.72195 0.432203
1.72228 0.431696
1.72261 0.43119
1.72294 0.430683
1.72327 0.430176
1.7236 0.429669
1.72393 0.429162
1.72426 0.428655
1.72459 0.428148
1.72492 0.427642
1.72525 0.427135
1.72558 0.426628
1.72591 0.426121
1.72624 0.425614
1.72657 0.425107
1.7269 0.424601
1.72723 0.424094
1.72756 0.423587
1.72789 0.42308
1.72822 0.422573
1.72855 0.422066
1.72888 0.421559
1.72921 0.421053
1.72954 0.420546
1.72987 0.420039
1.7302 0.419532
1.73053 0.419025
1.73086 0.418518
1.73119 0.418011
1.73152 0.417505
1.73185 0.416998
1.73218 0.416491
1.73251 0.415984
1.73284 0.415477
1.73317 0.41497
1.7335 0.414464
1.73383 0.413957
1.73416 0.41345
1.73449 0.412943
1.73482 0.412436
1.73515 0.411929
1.73548 0.411422
1.73581 0.410916
1.73614 0.410409
1.73647 0.409902
1.7368 0.409395
1.73713 0.408888
1.73746 0.408381
1.73779 0.407874
1.73812 0.407368
1.73845 0.406861
1.73878 0.406354
1.73911 0.405847
1.73944 0.40534
1.73976 0.404833
1.74009 0.404326
1.74042 0.40382
1.74075 0.403313
1.74108 0.402806
1.74141 0.402299
1.74174 0.401792
1.74207 0.401285
1.7424 0.400778
1.74273 0.400272
1.74306 0.399765
1.74339 0.399258
1.74372 0.398751
1.74405 0.398244
1.74438 0.397737
1.74471 0.39723
1.74504 0.396724
1.74537 0.396217
1.7457 0.39571
1.74603 0.395203
1.74636 0.394696
1.74669 0.394189
1.74702 0.393682
1.74735 0.393176
1.74768 0.392669
1.74801 0.392162
1.74834 0.391655
1.74867 0.391148
1.749 0.390641
1.74933 0.390134
1.74966 0.389628
1.74999 0.389121
1.75032 0.388614
1.75065 0.388107
1.75098 0.3876
1.75131 0.387093
1.75164 0.386586
1.75197 0.38608
1.7523 0.385573
1.75263 0.385066
1.75296 0.384559
1.75329 0.384052
1.75362 0.383545
1.75395 0.383038
1.75428 0.382531
1.75461 0.382025
1.75494 0.381518
1.75527 0.381011
1.7556 0.380504
1.75593 0.379997
1.75626 0.37949
1.75659 0.378983
1.75692 0.378477
1.75725 0.37797
1.75758 0.377463
1.75791 0.376956
1.75824 0.376449
1.75857 0.375942
1.7589 0.375435
1.75922 0.374928
1.75955 0.374422
1.75988 0.373915
1.76021 0.373408
1.76054 0.372901
1.76087 0.372394
1.7612 0.371887
1.76153 0.37138
1.76186 0.370873
1.76219 0.370367
1.76252 0.36986
1.76285 0.369353
1.76318 0.368846
1.76351 0.368339
1.76384 0.367832
1.76417 0.367325
1.7645 0.366818
1.76483 0.366312
1.76516 0.365805
1.76549 0.365298
1.76582 0.364791
1.76615 0.364284
1.76648 0.363777
1.76681 0.36327
1.76714 0.362763
1.76747 0.362256
1.7678 0.36175
1.76813 0.361243
1.76846 0.360736
1.76879 0.360229
1.76912 0.359722
1.76945 0.359215
1.76978 0.358708
1.77011 0.358201
1.77044 0.357695
1.77077 0.357188
1.7711 0.356681
1.77143 0.356174
1.77176 0.355667
1.77209 0.35516
1.77242 0.354653
1.77275 0.354146
1.77308 0.353639
1.77341 0.353133
1.77374 0.352626
1.77407 0.352119
1.7744 0.351612
1.77473 0.351105
1.77506 0.350598
1.77539 0.350091
1.77572 0.349584
1.77605 0.349077
1.77638 0.348571
1.77671 0.348064
1.77704 0.347557
1.77737 0.34705
1.7777 0.346543
1.77803 0.346036
1.77835 0.345529
1.77868 0.345022
1.77901 0.344515
1.77934 0.344008
1.77967 0.343502
1.78 0.342995
1.78033 0.342488
1.78066 0.341981
1.78099 0.341474
1.78132 0.340967
1.78165 0.34046
1.78198 0.339953
1.78231 0.339446
1.78264 0.338939
1.78297 0.338433
1.7833 0.337926
1.78363 0.337419
1.78396 0.336912
1.78429 0.336405
1.78462 0.335898
1.78495 0.335391
1.78528 0.334884
1.78561 0.334377
1.78594 0.33387
1.78627 0.333364
1.7866 0.332857
1.78693 0.33235
1.78726 0.331843
1.78759 0.331336
1.78792 0.330829
1.78825 0.330322
1.78858 0.329815
1.78891 0.329308
1.78924 0.328801
1.78957 0.328294
1.7899 0.327788
1.79023 0.327281
1.79056 0.326774
1.79089 0.326267
1.79122 0.32576
1.79155 0.325253
1.79188 0.324746
1.79221 0.324239
1.79254 0.323732
1.79287 0.323225
1.7932 0.322718
1.79353 0.322211
1.79386 0.321705
1.79419 0.321198
1.79452 0.320691
1.79485 0.320184
1.79518 0.319677
1.79551 0.31917
1.79584 0.318663
1.79617 0.318156
1.7965 0.317649
1.79683 0.317142
1.79716 0.316635
1.79749 0.316128
1.79781 0.315622
1.79814 0.315115
1.79847 0.314608
1.7988 0.314101
1.79913 0.313594
1.79946 0.313087
1.79979 0.31258
1.80012 0.312073
1.80045 0.311566
1.80078 0.311059
1.80111 0.310552
1.80144 0.310045
1.80177 0.309538
1.8021 0.309032
1.80243 0.308525
1.80276 0.308018
1.80309 0.307511
1.80342 0.307004
1.80375 0.306497
1.80408 0.30599
1.80441 0.305483
1.80474 0.304976
1.80507 0.304469
1.8054 0.303962
1.80573 0.303455
1.80606 0.302948
1.80639 0.302441
1.80672 0.301935
1.80705 0.301428
1.80738 0.300921
1.80771 0.300414
1.80804 0.299907
1.80837 0.2994
1.8087 0.298893
1.80903 0.298386
1.80936 0.297879
1.80969 0.297372
1.81002 0.296865
1.81035 0.296358
1.81068 0.295851
1.81101 0.295344
1.81134 0.294838
1.81167 0.294331
1.812 0.293824
1.81233 0.293317
1.81266 0.29281
1.81299 0.292303
1.81332 0.291796
1.81365 0.291289
1.81398 0.290782
1.81431 0.290275
1.81464 0.289768
1.81497 0.289261
1.8153 0.288754
1.81563 0.288247
1.81596 0.28774
1.81629 0.287233
1.81662 0.286727
1.81694 0.28622
1.81727 0.285713
1.8176 0.285206
1.81793 0.284699
1.81826 0.284192
1.81859 0.283685
1.81892 0.283178
1.81925 0.282671
1.81958 0.282164
1.81991 0.281657
1.82024 0.28115
1.82057 0.280643
1.8209 0.280136
1.82123 0.279629
1.82156 0.279122
1.82189 0.278615
1.82222 0.278109
1.82255 0.277602
1.82288 0.277095
1.82321 0.276588
1.82354 0.276081
1.82387 0.275574
1.8242 0.275067
1.82453 0.27456
1.82486 0.274053
1.82519 0.273546
1.82552 0.273039
1.82585 0.272532
1.82618 0.272025
1.82651 0.271518
1.82684 0.271011
1.82717 0.270504
1.8275 0.269997
1.82783 0.26949
1.82816 0.268983
1.82849 0.268477
1.82882 0.26797
1.82915 0.267463
1.82948 0.266956
1.82981 0.266449
1.83014 0.265942
1.83047 0.265435
1.8308 0.264928
1.83113 0.264421
1.83146 0.263914
1.83179 0.263407
1.83212 0.2629
1.83245 0.262393
1.83278 0.261886
1.83311 0.261379
1.83344 0.260872
1.83377 0.260365
1.8341 0.259858
1.83443 0.259351
1.83476 0.258845
1.83509 0.258338
1.83542 0.257831
1.83575 0.257324
1.83608 0.256817
1.8364 0.25631
1.83673 0.255803
1.83706 0.255296
1.83739 0.254789
1.83772 0.254282
1.83805 0.253775
1.83838 0.253268
1.83871 0.252761
1.83904 0.252254
1.83937 0.251747
1.8397 0.25124
1.84003 0.250733
1.84036 0.250226
1.84069 0.249719
1.84102 0.249212
1.84135 0.248706
1.84168 0.248199
1.84201 0.247692
1.84234 0.247185
1.84267 0.246678
1.843 0.246171
1.84333 0.245664
1.84366 0.245157
1.84399 0.24465
1.84432 0.244143
1.84465 0.243636
1.84498 0.243129
1.84531 0.242622
1.84564 0.242115
1.84597 0.241608
1.8463 0.241101
1.84663 0.240594
1.84696 0.240087
1.84729 0.23958
1.84762 0.239073
1.84795 0.238566
1.84828 0.23806
1.84861 0.237553
1.84894 0.237046
1.84927 0.236539
1.8496 0.236032
1.84993 0.235525
1.85026 0.235018
1.85059 0.234511
1.85092 0.234004
1.85125 0.233497
1.85158 0.23299
1.85191 0.232483
1.85224 0.231976
1.85257 0.231469
1.8529 0.230962
1.85323 0.230455
1.85356 0.229948
1.85389 0.229441
1.85422 0.228934
1.85455 0.228427
1.85455 0.228028
1.85488 0.227511
1.85521 0.226994
1.85553 0.226477
1.85586 0.225961
1.85619 0.225444
1.85652 0.224927
1.85685 0.22441
1.85718 0.223893
1.85751 0.223377
1.85784 0.22286
1.85817 0.222343
1.8585 0.221826
1.85883 0.221309
1.85916 0.220793
1.85949 0.220276
1.85982 0.219759
1.86015 0.219242
1.86048 0.218725
1.86081 0.218209
1.86114 0.217692
1.86147 0.217175
1.8618 0.216658
1.86213 0.216142
1.86246 0.215625
1.86279 0.215108
1.86312 0.214591
1.86345 0.214074
1.86378 0.213558
1.86411 0.213041
1.86444 0.212524
1.86477 0.212007
1.8651 0.21149
1.86543 0.210974
1.86576 0.210457
1.86609 0.20994
1.86642 0.209423
1.86675 0.208906
1.86708 0.20839
1.86741 0.207873
1.86774 0.207356
1.86807 0.206839
1.8684 0.206322
1.86873 0.205806
1.86906 0.205289
1.86939 0.204772
1.86972 0.204255
1.87005 0.203739
1.87038 0.203222
1.87071 0.202705
1.87104 0.202188
1.87137 0.201671
1.8717 0.201155
1.87203 0.200638
1.87236 0.200121
1.87269 0.199604
1.87302 0.199087
1.87335 0.198571
1.87368 0.198054
1.87401 0.197537
1.87434 0.19702
1.87467 0.196503
1.87499 0.195987
1.87532 0.19547
1.87565 0.194953
1.87598 0.194436
1.87631 0.193919
1.87664 0.193403
1.87697 0.192886
1.8773 0.192369
1.87763 0.191852
1.87796 0.191336
1.87829 0.190819
1.87862 0.190302
1.87895 0.189785
1.87928 0.189268
1.87961 0.188752
1.87994 0.188235
1.88027 0.187718
1.8806 0.187201
1.88093 0.186684
1.88126 0.186168
1.88159 0.185651
1.88192 0.185134
1.88225 0.184617
1.88258 0.1841
1.88291 0.183584
1.88324 0.183067
1.88357 0.18255
1.8839 0.182033
1.88423 0.181516
1.88456 0.181
1.88489 0.180483
1.88522 0.179966
1.88555 0.179449
1.88588 0.178932
1.88621 0.178416
1.88654 0.177899
1.88687 0.177382
1.8872 0.176865
1.88753 0.176349
1.88786 0.175832
1.88819 0.175315
1.88852 0.174798
1.88885 0.174281
1.88918 0.173765
1.88951 0.173248
1.88984 0.172731
1.89017 0.172214
1.8905 0.171697
1.89083 0.171181
1.89116 0.170664
1.89149 0.170147
1.89182 0.16963
1.89215 0.169113
1.89248 0.168597
1.89281 0.16808
1.89314 0.167563
1.89347 0.167046
1.8938 0.166529
1.89412 0.166013
1.89445 0.165496
1.89478 0.164979
1.89511 0.164462
1.89544 0.163945
1.89577 0.163429
1.8961 0.162912
1.89643 0.162395
1.89676 0.161878
1.89709 0.161361
1.89742 0.160845
1.89775 0.160328
1.89808 0.159811
1.89841 0.159294
1.89874 0.158777
1.89907 0.158261
1.8994 0.157744
1.89973 0.157227
1.90006 0.15671
1.90039 0.156194
1.90072 0.155677
1.90105 0.15516
1.90138 0.154643
1.90171 0.154126
1.90204 0.15361
1.90237 0.153093
1.9027 0.152576
1.90303 0.152059
1.90336 0.151542
1.90369 0.151026
1.90402 0.150509
1.90435 0.149992
1.90468 0.149475
1.90501 0.148958
1.90534 0.148442
1.90567 0.147925
1.906 0.147408
1.90633 0.146891
1.90666 0.146374
1.90699 0.145858
1.90732 0.145341
1.90765 0.144824
1.90798 0.144307
1.90831 0.14379
1.90864 0.143274
1.90897 0.142757
1.9093 0.14224
1.90963 0.141723
1.90996 0.141206
1.91029 0.14069
1.91062 0.140173
1.91095 0.139656
1.91128 0.139139
1.91161 0.138622
1.91194 0.138106
1.91227 0.137589
1.9126 0.137072
1.91293 0.136555
1.91325 0.136038
1.91358 0.135522
1.91391 0.135005
1.91424 0.134488
1.91457 0.133971
1.9149 0.133454
1.91523 0.132938
1.91556 0.132421
1.91589 0.131904
1.91622 0.131387
1.91655 0.13087
1.91688 0.130354
1.91721 0.129837
1.91754 0.12932
1.91787 0.128803
1.9182 0.128286
1.91853 0.12777
1.91886 0.127253
1.91919 0.126736
1.91952 0.126219
1.91985 0.125702
1.92018 0.125186
1.92051 0.124669
1.92084 0.124152
1.92117 0.123635
1.9215 0.123118
1.92183 0.122602
1.92216 0.122085
1.92249 0.121568
1.92282 0.121051
1.92315 0.120534
1.92348 0.120017
1.92381 0.119501
1.92414 0.118984
1.92447 0.118467
1.9248 0.11795
1.92513 0.117433
1.92546 0.116917
1.92579 0.1164
1.92612 0.115883
1.92645 0.115366
1.92678 0.114849
1.92711 0.114333
1.92744 0.113816
1.92777 0.113299
1.9281 0.112782
1.92843 0.112265
1.92876 0.111749
1.92909 0.111232
1.92942 0.110715
1.92975 0.110198
1.93008 0.109681
1.93041 0.109165
1.93074 0.108648
1.93107 0.108131
1.9314 0.107614
1.93173 0.107097
1.93206 0.106581
1.93239 0.106064
1.93271 0.105547
1.93304 0.10503
1.93337 0.104513
1.9337 0.103997
1.93403 0.10348
1.93436 0.102963
1.93469 0.102446
1.93502 0.101929
1.93535 0.101412
1.93568 0.100896
1.93601 0.100379
1.93634 0.0998621
1.93667 0.0993453
1.937 0.0988285
1.93733 0.0983116
1.93766 0.0977948
1.93799 0.097278
1.93832 0.0967612
1.93865 0.0962444
1.93898 0.0957276
1.93931 0.0952108
1.93964 0.094694
1.93997 0.0941772
1.9403 0.0936604
1.94063 0.0931436
1.94096 0.0926268
1.94129 0.0921099
1.94162 0.0915931
1.94195 0.0910763
1.94228 0.0905595
1.94261 0.0900427
1.94294 0.0895259
1.94327 0.0890091
1.9436 0.0884923
1.94393 0.0879755
1.94426 0.0874587
1.94459 0.0869418
1.94492 0.086425
1.94525 0.0859082
1.94558 0.0853914
1.94591 0.0848746
1.94624 0.0843578
1.94657 0.083841
1.9469 0.0833242
1.94723 0.0828074
1.94756 0.0822906
1.94789 0.0817737
1.94822 0.0812569
1.94855 0.0807401
1.94888 0.0802233
1.94921 0.0797065
1.94954 0.0791897
1.94987 0.0786729
1.9502 0.0781561
1.95053 0.0776392
1.95086 0.0771224
1.95119 0.0766056
1.95152 0.0760888
1.95184 0.075572
1.95217 0.0750552
1.9525 0.0745384
1.95283 0.0740216
1.95316 0.0735048
1.95349 0.0729879
1.95382 0.0724711
1.95415 0.0719543
1.95448 0.0714375
1.95481 0.0709207
1.95514 0.0704039
1.95547 0.0698871
1.9558 0.0693703
1.95613 0.0688534
1.95646 0.0683366
1.95679 0.0678198
1.95712 0.067303
1.95745 0.0667862
1.95778 0.0662694
1.95811 0.0657526
1.95844 0.0652357
1.95877 0.0647189
1.9591 0.0642021
1.95943 0.0636853
1.95976 0.0631685
1.96009 0.0626517
1.96042 0.0621349
1.96075 0.0616181
1.96108 0.0611012
1.96141 0.0605844
1.96174 0.0600676
1.96207 0.0595508
1.9624 0.059034
1.96273 0.0585172
1.96306 0.0580004
1.96339 0.0574835
1.96372 0.0569667
1.96405 0.0564499
1.96438 0.0559331
1.96471 0.0554163
1.96504 0.0548995
1.96537 0.0543826
1.9657 0.0538658
1.96603 0.053349
1.96636 0.0528322
1.96669 0.0523154
1.96702 0.0517986
1.96735 0.0512818
1.96768 0.0507649
1.96801 0.0502481
1.96834 0.0497313
1.96867 0.0492145
1.969 0.0486977
1.96933 0.0481809
1.96966 0.0476641
1.96999 0.0471472
1.97032 0.0466304
1.97065 0.0461136
1.97098 0.0455968
1.9713 0.04508
1.97163 0.0445632
1.97196 0.0440463
1.97229 0.0435295
1.97262 0.0430127
1.97295 0.0424959
1.97328 0.0419791
1.97361 0.0414623
1.97394 0.0409454
1.97427 0.0404286
1.9746 0.0399118
1.97493 0.039395
1.97526 0.0388782
1.97559 0.0383614
1.97592 0.0378446
1.97625 0.0373277
1.97658 0.0368109
1.97691 0.0362941
1.97724 0.0357773
1.97757 0.0352605
1.9779 0.0347437
1.97823 0.0342268
1.97856 0.03371
1.97889 0.0331932
1.97922 0.0326764
1.97955 0.0321596
1.97988 0.0316428
1.98021 0.0311259
1.98054 0.0306091
1.98087 0.0300923
1.9812 0.0295755
1.98153 0.0290587
1.98186 0.0285419
1.98219 0.028025
1.98252 0.0275082
1.98285 0.0269914
1.98318 0.0264746
1.98351 0.0259578
1.98384 0.025441
1.98417 0.0249241
1.9845 0.0244073
1.98483 0.0238905
1.98516 0.0233737
1.98549 0.0228569
1.98582 0.0223401
1.98615 0.0218232
1.98648 0.0213064
1.98681 0.0207896
1.98714 0.0202728
1.98747 0.019756
1.9878 0.0192391
1.98813 0.0187223
1.98846 0.0182055
1.98879 0.0176887
1.98912 0.0171719
1.98945 0.0166551
1.98978 0.0161382
1.99011 0.0156214
1.99043 0.0151046
1.99076 0.0145878
1.99109 0.014071
1.99142 0.0135542
1.99175 0.0130373
1.99208 0.0125205
1.99241 0.0120037
1.99274 0.0114869
1.99307 0.0109701
1.9934 0.0104533
1.99373 0.00993644
1.99406 0.00941962
1.99439 0.0089028
1.99472 0.00838599
1.99505 0.00786917
1.99538 0.00735235
1.99571 0.00683553
1.99604 0.00631872
1.99637 0.0058019
1.9967 0.00528508
1.99703 0.00476826
1.99736 0.00425145
1.99769 0.00373463
1.99802 0.00321781
1.99835 0.00270099
1.99868 0.00218418
1.99901 0.00166736
1.99934 0.00115054
1.99967 0.000633724
2 0.000116907
