-2 -2.21976
-1.9966 -2.20623
-1.9932 -2.1927
-1.9898 -2.17916
-1.98639 -2.16562
-1.98299 -2.15208
-1.97959 -2.13854
-1.97619 -2.12498
-1.97279 -2.11143
-1.96939 -2.09786
-1.96599 -2.08429
-1.96259 -2.07071
-1.95918 -2.05712
-1.95578 -2.04352
-1.95238 -2.02991
-1.94898 -2.01629
-1.94558 -2.00265
-1.94218 -1.989
-1.93878 -1.97534
-1.93537 -1.96165
-1.93197 -1.94796
-1.92857 -1.93424
-1.92517 -1.92051
-1.92177 -1.90676
-1.91837 -1.89299
-1.91497 -1.8792
-1.91156 -1.86538
-1.90816 -1.85155
-1.90476 -1.83769
-1.90136 -1.8238
-1.89796 -1.80989
-1.89456 -1.79596
-1.89116 -1.782
-1.88776 -1.76801
-1.88435 -1.75399
-1.88095 -1.73994
-1.87755 -1.72586
-1.87415 -1.71176
-1.87075 -1.69762
-1.86735 -1.68344
-1.86395 -1.66923
-1.86054 -1.65499
-1.85714 -1.64072
-1.85374 -1.6264
-1.85034 -1.61205
-1.84694 -1.59766
-1.84354 -1.58323
-1.84014 -1.56877
-1.83673 -1.55426
-1.83333 -1.53971
-1.82993 -1.52512
-1.82653 -1.51048
-1.82313 -1.49581
-1.81973 -1.4811
-1.81633 -1.46635
-1.81293 -1.45156
-1.80952 -1.43673
-1.80612 -1.42187
-1.80272 -1.40698
-1.79932 -1.39205
-1.79592 -1.37709
-1.79252 -1.3621
-1.78912 -1.34708
-1.78571 -1.33203
-1.78231 -1.31696
-1.77891 -1.30185
-1.77551 -1.28672
-1.77211 -1.27157
-1.76871 -1.25639
-1.76531 -1.24118
-1.7619 -1.22596
-1.7585 -1.21072
-1.7551 -1.19545
-1.7517 -1.18017
-1.7483 -1.16487
-1.7449 -1.14955
-1.7415 -1.13421
-1.7381 -1.11886
-1.73469 -1.1035
-1.73129 -1.08813
-1.72789 -1.07274
-1.72449 -1.05734
-1.72109 -1.04194
-1.71769 -1.02652
-1.71429 -1.0111
-1.71088 -0.995667
-1.70748 -0.980232
-1.70408 -0.964792
-1.70068 -0.949349
-1.69728 -0.933904
-1.69388 -0.918457
-1.69048 -0.90301
-1.68707 -0.887563
-1.68367 -0.872118
-1.68027 -0.856676
-1.67687 -0.841237
-1.67347 -0.825803
-1.67007 -0.810375
-1.66667 -0.794954
-1.66327 -0.779541
-1.65986 -0.764136
-1.65646 -0.748742
-1.65306 -0.733359
-1.64966 -0.717989
-1.64626 -0.702632
-1.64286 -0.68729
-1.63946 -0.671964
-1.63605 -0.656655
-1.63265 -0.641365
-1.62925 -0.626095
-1.62585 -0.610845
-1.62245 -0.595617
-1.61905 -0.580412
-1.61565 -0.565231
-1.61224 -0.550076
-1.60884 -0.534947
-1.60544 -0.519846
-1.60204 -0.504775
-1.59864 -0.489733
-1.59524 -0.474722
-1.59184 -0.459745
-1.58844 -0.4448
-1.58503 -0.429891
-1.58163 -0.415018
-1.57823 -0.400182
-1.57483 -0.385384
-1.57143 -0.370625
-1.56803 -0.355908
-1.56463 -0.341232
-1.56122 -0.3266
-1.55782 -0.312011
-1.55442 -0.297469
-1.55102 -0.282972
-1.54762 -0.268524
-1.54422 -0.254124
-1.54082 -0.239775
-1.53741 -0.225477
-1.53401 -0.211231
-1.53061 -0.197039
-1.52721 -0.182902
-1.52381 -0.16882
-1.52041 -0.154796
-1.51701 -0.140831
-1.51361 -0.126924
-1.5102 -0.113079
-1.5068 -0.0992954
-1.5034 -0.0855748
-1.5 -0.0719185
-1.4966 -0.0583275
-1.4932 -0.0448029
-1.4898 -0.0313454
-1.48639 -0.0179559
-1.48299 -0.0046355
-1.47959 0.00861509
-1.47619 0.0217949
-1.47279 0.0349031
-1.46939 0.0479388
-1.46599 0.060901
-1.46259 0.0737889
-1.45918 0.0866015
-1.45578 0.0993381
-1.45238 0.111998
-1.44898 0.124579
-1.44558 0.137082
-1.44218 0.149505
-1.43878 0.161848
-1.43537 0.174109
-1.43197 0.186288
-1.42857 0.198384
-1.42517 0.210395
-1.42177 0.222322
-1.41837 0.234162
-1.41497 0.245916
-1.41156 0.257582
-1.40816 0.269159
-1.40476 0.280647
-1.40136 0.292045
-1.39796 0.303351
-1.39456 0.314565
-1.39116 0.325686
-1.38776 0.336713
-1.38435 0.347645
-1.38095 0.358482
-1.37755 0.369221
-1.37415 0.379864
-1.37075 0.390408
-1.36735 0.400852
-1.36395 0.411197
-1.36054 0.42144
-1.35714 0.431581
-1.35374 0.44162
-1.35034 0.451554
-1.34694 0.461384
-1.34354 0.471109
-1.34014 0.480727
-1.33673 0.490238
-1.33333 0.49964
-1.32993 0.508934
-1.32653 0.518118
-1.32313 0.527192
-1.31973 0.536157
-1.31633 0.545012
-1.31293 0.553756
-1.30952 0.56239
-1.30612 0.570913
-1.30272 0.579325
-1.29932 0.587626
-1.29592 0.595815
-1.29252 0.603892
-1.28912 0.611858
-1.28571 0.619712
-1.28231 0.627453
-1.27891 0.635081
-1.27551 0.642597
-1.27211 0.649999
-1.26871 0.657288
-1.26531 0.664464
-1.2619 0.671526
-1.2585 0.678473
-1.2551 0.685307
-1.2517 0.692025
-1.2483 0.698629
-1.2449 0.705119
-1.2415 0.711492
-1.2381 0.717751
-1.23469 0.723893
-1.23129 0.72992
-1.22789 0.735831
-1.22449 0.741625
-1.22109 0.747302
-1.21769 0.752863
-1.21429 0.758307
-1.21088 0.763633
-1.20748 0.768841
-1.20408 0.773932
-1.20068 0.778905
-1.19728 0.783759
-1.19388 0.788495
-1.19048 0.793113
-1.18707 0.797611
-1.18367 0.80199
-1.18027 0.806249
-1.17687 0.810389
-1.17347 0.814409
-1.17007 0.818309
-1.16667 0.822088
-1.16327 0.825747
-1.15986 0.829286
-1.15646 0.832705
-1.15306 0.836005
-1.14966 0.839186
-1.14626 0.842249
-1.14286 0.845195
-1.13946 0.848023
-1.13605 0.850735
-1.13265 0.853331
-1.12925 0.855811
-1.12585 0.858177
-1.12245 0.860427
-1.11905 0.862564
-1.11565 0.864587
-1.11224 0.866497
-1.10884 0.868294
-1.10544 0.86998
-1.10204 0.871554
-1.09864 0.873017
-1.09524 0.874369
-1.09184 0.875611
-1.08844 0.876744
-1.08503 0.877768
-1.08163 0.878683
-1.07823 0.879491
-1.07483 0.880191
-1.07143 0.880784
-1.06803 0.88127
-1.06463 0.881651
-1.06122 0.881926
-1.05782 0.882096
-1.05442 0.882161
-1.05102 0.882123
-1.04762 0.881981
-1.04422 0.881736
-1.04082 0.881389
-1.03741 0.88094
-1.03401 0.88039
-1.03061 0.879739
-1.02721 0.878987
-1.02381 0.878135
-1.02041 0.877184
-1.01701 0.876134
-1.01361 0.874986
-1.0102 0.87374
-1.0068 0.872396
-1.0034 0.870956
-1 0.869419
-0.996599 0.867787
-0.993197 0.86606
-0.989796 0.864238
-0.986395 0.862325
-0.982993 0.860319
-0.979592 0.858223
-0.97619 0.856036
-0.972789 0.853762
-0.969388 0.851399
-0.965986 0.84895
-0.962585 0.846415
-0.959184 0.843796
-0.955782 0.841092
-0.952381 0.838307
-0.94898 0.83544
-0.945578 0.832492
-0.942177 0.829464
-0.938776 0.826359
-0.935374 0.823175
-0.931973 0.819916
-0.928571 0.81658
-0.92517 0.813171
-0.921769 0.809688
-0.918367 0.806132
-0.914966 0.802505
-0.911565 0.798808
-0.908163 0.795042
-0.904762 0.791207
-0.901361 0.787305
-0.897959 0.783336
-0.894558 0.779303
-0.891156 0.775205
-0.887755 0.771044
-0.884354 0.76682
-0.880952 0.762536
-0.877551 0.758191
-0.87415 0.753787
-0.870748 0.749326
-0.867347 0.744807
-0.863946 0.740232
-0.860544 0.735601
-0.857143 0.730917
-0.853741 0.72618
-0.85034 0.721391
-0.846939 0.716551
-0.843537 0.711661
-0.840136 0.706722
-0.836735 0.701735
-0.833333 0.696701
-0.829932 0.691621
-0.826531 0.686497
-0.823129 0.681329
-0.819728 0.676118
-0.816327 0.670866
-0.812925 0.665574
-0.809524 0.660242
-0.806122 0.654873
-0.802721 0.649467
-0.79932 0.644024
-0.795918 0.638547
-0.792517 0.633037
-0.789116 0.627494
-0.785714 0.621919
-0.782313 0.616315
-0.778912 0.610681
-0.77551 0.605019
-0.772109 0.599331
-0.768707 0.593617
-0.765306 0.587878
-0.761905 0.582115
-0.758503 0.57633
-0.755102 0.570524
-0.751701 0.564698
-0.748299 0.558853
-0.744898 0.552989
-0.741497 0.547109
-0.738095 0.541214
-0.734694 0.535303
-0.731293 0.529379
-0.727891 0.523443
-0.72449 0.517496
-0.721088 0.511539
-0.717687 0.505572
-0.714286 0.499598
-0.710884 0.493617
-0.707483 0.48763
-0.704082 0.481639
-0.70068 0.475645
-0.697279 0.469648
-0.693878 0.46365
-0.690476 0.457652
-0.687075 0.451655
-0.683673 0.44566
-0.680272 0.439669
-0.676871 0.433682
-0.673469 0.4277
-0.670068 0.421726
-0.666667 0.415759
-0.663265 0.409801
-0.659864 0.403852
-0.656463 0.397914
-0.653061 0.391988
-0.64966 0.386073
-0.646259 0.380171
-0.642857 0.374284
-0.639456 0.36841
-0.636054 0.362552
-0.632653 0.35671
-0.629252 0.350884
-0.62585 0.345076
-0.622449 0.339287
-0.619048 0.333517
-0.615646 0.327767
-0.612245 0.322038
-0.608844 0.31633
-0.605442 0.310645
-0.602041 0.304983
-0.598639 0.299345
-0.595238 0.293732
-0.591837 0.288144
-0.588435 0.282583
-0.585034 0.277049
-0.581633 0.271542
-0.578231 0.266065
-0.57483 0.260617
-0.571429 0.255199
-0.568027 0.249813
-0.564626 0.244459
-0.561224 0.239137
-0.557823 0.233849
-0.554422 0.228595
-0.55102 0.223376
-0.547619 0.218193
-0.544218 0.213047
-0.540816 0.207938
-0.537415 0.202867
-0.534014 0.197836
-0.530612 0.192844
-0.527211 0.187893
-0.52381 0.182984
-0.520408 0.178117
-0.517007 0.173292
-0.513605 0.168512
-0.510204 0.163776
-0.506803 0.159086
-0.503401 0.154442
-0.5 0.149845
-0.496599 0.145295
-0.493197 0.140794
-0.489796 0.136341
-0.486395 0.131936
-0.482993 0.12758
-0.479592 0.123273
-0.47619 0.119014
-0.472789 0.114805
-0.469388 0.110646
-0.465986 0.106536
-0.462585 0.102476
-0.459184 0.0984655
-0.455782 0.0945056
-0.452381 0.0905962
-0.44898 0.0867375
-0.445578 0.0829296
-0.442177 0.0791728
-0.438776 0.0754672
-0.435374 0.0718132
-0.431973 0.0682108
-0.428571 0.0646603
-0.42517 0.0611618
-0.421769 0.0577157
-0.418367 0.054322
-0.414966 0.0509811
-0.411565 0.0476931
-0.408163 0.0444581
-0.404762 0.0412765
-0.401361 0.0381484
-0.397959 0.035074
-0.394558 0.0320535
-0.391156 0.0290872
-0.387755 0.0261752
-0.384354 0.0233177
-0.380952 0.020515
-0.377551 0.0177672
-0.37415 0.0150745
-0.370748 0.0124372
-0.367347 0.00985548
-0.363946 0.0073295
-0.360544 0.00485948
-0.357143 0.00244563
-0.353741 8.81537e-05
-0.35034 -0.00221275
-0.346939 -0.00445687
-0.343537 -0.00664401
-0.340136 -0.00877396
-0.336735 -0.0108465
-0.333333 -0.0128615
-0.329932 -0.0148188
-0.326531 -0.0167186
-0.323129 -0.0185615
-0.319728 -0.0203478
-0.316327 -0.0220778
-0.312925 -0.0237521
-0.309524 -0.025371
-0.306122 -0.0269349
-0.302721 -0.0284442
-0.29932 -0.0298993
-0.295918 -0.0313007
-0.292517 -0.0326486
-0.289116 -0.0339436
-0.285714 -0.0351859
-0.282313 -0.0363761
-0.278912 -0.0375145
-0.27551 -0.0386015
-0.272109 -0.0396376
-0.268707 -0.040623
-0.265306 -0.0415583
-0.261905 -0.0424438
-0.258503 -0.04328
-0.255102 -0.0440671
-0.251701 -0.0448057
-0.248299 -0.0454961
-0.244898 -0.0461388
-0.241497 -0.0467341
-0.238095 -0.0472824
-0.234694 -0.0477841
-0.231293 -0.0482397
-0.227891 -0.0486495
-0.22449 -0.0490139
-0.221088 -0.0493334
-0.217687 -0.0496084
-0.214286 -0.0498391
-0.210884 -0.0500261
-0.207483 -0.0501698
-0.204082 -0.0502705
-0.20068 -0.0503286
-0.197279 -0.0503446
-0.193878 -0.0503188
-0.190476 -0.0502517
-0.187075 -0.0501436
-0.183673 -0.049995
-0.180272 -0.0498062
-0.176871 -0.0495777
-0.173469 -0.0493098
-0.170068 -0.049003
-0.166667 -0.0486576
-0.163265 -0.0482742
-0.159864 -0.0478534
-0.156463 -0.047396
-0.153061 -0.0469028
-0.14966 -0.0463746
-0.146259 -0.0458121
-0.142857 -0.0452161
-0.139456 -0.0445875
-0.136054 -0.0439269
-0.132653 -0.0432352
-0.129252 -0.0425131
-0.12585 -0.0417614
-0.122449 -0.0409809
-0.119048 -0.0401724
-0.115646 -0.0393366
-0.112245 -0.0384744
-0.108844 -0.0375864
-0.105442 -0.0366736
-0.102041 -0.0357365
-0.0986395 -0.0347762
-0.0952381 -0.0337932
-0.0918367 -0.0327884
-0.0884354 -0.0317626
-0.085034 -0.0307165
-0.0816327 -0.029651
-0.0782313 -0.0285667
-0.0748299 -0.0274645
-0.0714286 -0.0263452
-0.0680272 -0.0252095
-0.0646259 -0.0240583
-0.0612245 -0.0228922
-0.0578231 -0.0217121
-0.0544218 -0.0205187
-0.0510204 -0.0193128
-0.047619 -0.0180953
-0.0442177 -0.0168668
-0.0408163 -0.0156282
-0.037415 -0.0143802
-0.0340136 -0.0131236
-0.0306122 -0.0118592
-0.0272109 -0.0105878
-0.0238095 -0.00931007
-0.0204082 -0.0080269
-0.0170068 -0.00673903
-0.0136054 -0.00544723
-0.0102041 -0.00415229
-0.00680272 -0.00285498
-0.00340136 -0.00155607
-1.38778e-16 -0.000256357
0.00340136 0.00104339
0.00680272 0.00234241
0.0102041 0.0036399
0.0136054 0.0049351
0.0170068 0.00622723
0.0204082 0.00751551
0.0238095 0.00879917
0.0272109 0.0100774
0.0306122 0.0113495
0.0340136 0.0126146
0.037415 0.013872
0.0408163 0.0151209
0.0442177 0.0163605
0.047619 0.01759
0.0510204 0.0188088
0.0544218 0.0200158
0.0578231 0.0212105
0.0612245 0.0223921
0.0646259 0.0235597
0.0680272 0.0247125
0.0714286 0.0258499
0.0748299 0.026971
0.0782313 0.028075
0.0816327 0.0291612
0.085034 0.0302288
0.0884354 0.0312771
0.0918367 0.0323051
0.0952381 0.0333123
0.0986395 0.0342977
0.102041 0.0352606
0.105442 0.0362003
0.108844 0.0371159
0.112245 0.0380068
0.115646 0.038872
0.119048 0.0397108
0.122449 0.0405225
0.12585 0.0413063
0.129252 0.0420614
0.132653 0.042787
0.136054 0.0434823
0.139456 0.0441466
0.142857 0.0447791
0.146259 0.045379
0.14966 0.0459456
0.153061 0.046478
0.156463 0.0469755
0.159864 0.0474373
0.163265 0.0478627
0.166667 0.0482508
0.170068 0.0486009
0.173469 0.0489126
0.176871 0.0491855
0.180272 0.0494192
0.183673 0.0496133
0.187075 0.0497674
0.190476 0.049881
0.193878 0.0499538
0.197279 0.0499855
0.20068 0.0499755
0.204082 0.0499235
0.207483 0.0498291
0.210884 0.0496919
0.214286 0.0495115
0.217687 0.0492875
0.221088 0.0490195
0.22449 0.0487071
0.227891 0.0483499
0.231293 0.0479475
0.234694 0.0474995
0.238095 0.0470055
0.241497 0.0464651
0.244898 0.0458779
0.248299 0.0452436
0.251701 0.0445616
0.255102 0.0438317
0.258503 0.0430534
0.261905 0.0422263
0.265306 0.04135
0.268707 0.0404242
0.272109 0.0394484
0.27551 0.0384222
0.278912 0.0373452
0.282313 0.036217
0.285714 0.0350373
0.289116 0.0338056
0.292517 0.0325215
0.295918 0.0311847
0.29932 0.0297947
0.302721 0.0283511
0.306122 0.0268536
0.309524 0.0253017
0.312925 0.023695
0.316327 0.0220332
0.319728 0.0203158
0.323129 0.0185425
0.326531 0.0167128
0.329932 0.0148263
0.333333 0.0128827
0.336735 0.0108817
0.340136 0.00882331
0.343537 0.00670779
0.346939 0.00453533
0.35034 0.00230614
0.353741 2.04412e-05
0.357143 -0.00232157
0.360544 -0.00471969
0.363946 -0.00717371
0.367347 -0.00968341
0.370748 -0.0122486
0.37415 -0.0148691
0.377551 -0.0175446
0.380952 -0.020275
0.384354 -0.0230601
0.387755 -0.0258996
0.391156 -0.0287934
0.394558 -0.0317412
0.397959 -0.0347428
0.401361 -0.0377981
0.404762 -0.0409068
0.408163 -0.0440687
0.411565 -0.0472836
0.414966 -0.0505513
0.418367 -0.0538715
0.421769 -0.0572442
0.42517 -0.0606691
0.428571 -0.0641459
0.431973 -0.0676745
0.435374 -0.0712547
0.438776 -0.0748862
0.442177 -0.0785688
0.445578 -0.0823024
0.44898 -0.0860868
0.452381 -0.0899216
0.455782 -0.0938068
0.459184 -0.0977421
0.462585 -0.101727
0.465986 -0.105762
0.469388 -0.109847
0.472789 -0.11398
0.47619 -0.118163
0.479592 -0.122395
0.482993 -0.126675
0.486395 -0.131004
0.489796 -0.135381
0.493197 -0.139806
0.496599 -0.144279
0.5 -0.148799
0.503401 -0.153367
0.506803 -0.157982
0.510204 -0.162642
0.513605 -0.167347
0.517007 -0.172097
0.520408 -0.17689
0.52381 -0.181726
0.527211 -0.186604
0.530612 -0.191522
0.534014 -0.196482
0.537415 -0.20148
0.540816 -0.206517
0.544218 -0.211593
0.547619 -0.216705
0.55102 -0.221854
0.554422 -0.227038
0.557823 -0.232257
0.561224 -0.23751
0.564626 -0.242796
0.568027 -0.248114
0.571429 -0.253465
0.57483 -0.258845
0.578231 -0.264256
0.581633 -0.269696
0.585034 -0.275165
0.588435 -0.280661
0.591837 -0.286184
0.595238 -0.291733
0.598639 -0.297307
0.602041 -0.302906
0.605442 -0.308528
0.608844 -0.314173
0.612245 -0.319841
0.615646 -0.325529
0.619048 -0.331238
0.622449 -0.336967
0.62585 -0.342715
0.629252 -0.348481
0.632653 -0.354264
0.636054 -0.360064
0.639456 -0.365879
0.642857 -0.37171
0.646259 -0.377554
0.64966 -0.383412
0.653061 -0.389282
0.656463 -0.395165
0.659864 -0.401058
0.663265 -0.406961
0.666667 -0.412874
0.670068 -0.418796
0.673469 -0.424725
0.676871 -0.43066
0.680272 -0.436601
0.683673 -0.442545
0.687075 -0.448493
0.690476 -0.454443
0.693878 -0.460394
0.697279 -0.466345
0.70068 -0.472294
0.704082 -0.478241
0.707483 -0.484184
0.710884 -0.490122
0.714286 -0.496055
0.717687 -0.501981
0.721088 -0.507899
0.72449 -0.513808
0.727891 -0.519707
0.731293 -0.525594
0.734694 -0.531469
0.738095 -0.537331
0.741497 -0.543178
0.744898 -0.549009
0.748299 -0.554824
0.751701 -0.56062
0.755102 -0.566398
0.758503 -0.572155
0.761905 -0.577892
0.765306 -0.583606
0.768707 -0.589296
0.772109 -0.594962
0.77551 -0.600602
0.778912 -0.606216
0.782313 -0.611801
0.785714 -0.617358
0.789116 -0.622885
0.792517 -0.62838
0.795918 -0.633843
0.79932 -0.639273
0.802721 -0.644669
0.806122 -0.650028
0.809524 -0.655351
0.812925 -0.660637
0.816327 -0.665883
0.819728 -0.671089
0.823129 -0.676254
0.826531 -0.681377
0.829932 -0.686457
0.833333 -0.691492
0.836735 -0.696482
0.840136 -0.701425
0.843537 -0.706321
0.846939 -0.711168
0.85034 -0.715966
0.853741 -0.720713
0.857143 -0.725409
0.860544 -0.730052
0.863946 -0.734642
0.867347 -0.739177
0.870748 -0.743657
0.87415 -0.748081
0.877551 -0.752447
0.880952 -0.756755
0.884354 -0.761004
0.887755 -0.765192
0.891156 -0.769319
0.894558 -0.773384
0.897959 -0.777385
0.901361 -0.781322
0.904762 -0.785194
0.908163 -0.788999
0.911565 -0.792738
0.914966 -0.796408
0.918367 -0.800009
0.921769 -0.803539
0.92517 -0.806999
0.928571 -0.810386
0.931973 -0.8137
0.935374 -0.81694
0.938776 -0.820105
0.942177 -0.823194
0.945578 -0.826206
0.94898 -0.829139
0.952381 -0.831994
0.955782 -0.834768
0.959184 -0.837462
0.962585 -0.840073
0.965986 -0.842601
0.969388 -0.845046
0.972789 -0.847405
0.97619 -0.849679
0.979592 -0.851865
0.982993 -0.853963
0.986395 -0.855973
0.989796 -0.857893
0.993197 -0.859721
0.996599 -0.861458
1 -0.863102
1.0034 -0.864652
1.0068 -0.866108
1.0102 -0.867469
1.01361 -0.868735
1.01701 -0.869905
1.02041 -0.870979
1.02381 -0.871957
1.02721 -0.872837
1.03061 -0.87362
1.03401 -0.874306
1.03741 -0.874893
1.04082 -0.875381
1.04422 -0.875769
1.04762 -0.876059
1.05102 -0.876248
1.05442 -0.876336
1.05782 -0.876323
1.06122 -0.876209
1.06463 -0.875993
1.06803 -0.875675
1.07143 -0.875254
1.07483 -0.874729
1.07823 -0.874101
1.08163 -0.873369
1.08503 -0.872532
1.08844 -0.87159
1.09184 -0.870542
1.09524 -0.869389
1.09864 -0.868129
1.10204 -0.866762
1.10544 -0.865288
1.10884 -0.863706
1.11224 -0.862016
1.11565 -0.860218
1.11905 -0.85831
1.12245 -0.856293
1.12585 -0.854166
1.12925 -0.851928
1.13265 -0.849579
1.13605 -0.84712
1.13946 -0.844548
1.14286 -0.841864
1.14626 -0.839068
1.14966 -0.836158
1.15306 -0.833135
1.15646 -0.829998
1.15986 -0.826746
1.16327 -0.82338
1.16667 -0.819898
1.17007 -0.8163
1.17347 -0.812587
1.17687 -0.808759
1.18027 -0.804816
1.18367 -0.800758
1.18707 -0.796586
1.19048 -0.7923
1.19388 -0.7879
1.19728 -0.783387
1.20068 -0.778761
1.20408 -0.774022
1.20748 -0.76917
1.21088 -0.764207
1.21429 -0.759131
1.21769 -0.753944
1.22109 -0.748646
1.22449 -0.743236
1.22789 -0.737716
1.23129 -0.732086
1.23469 -0.726345
1.2381 -0.720495
1.2415 -0.714536
1.2449 -0.708467
1.2483 -0.702289
1.2517 -0.696003
1.2551 -0.689608
1.2585 -0.683106
1.2619 -0.676496
1.26531 -0.669778
1.26871 -0.662954
1.27211 -0.656023
1.27551 -0.648985
1.27891 -0.641841
1.28231 -0.634592
1.28571 -0.627236
1.28912 -0.619776
1.29252 -0.612211
1.29592 -0.604541
1.29932 -0.596766
1.30272 -0.588888
1.30612 -0.580906
1.30952 -0.572821
1.31293 -0.564632
1.31633 -0.556341
1.31973 -0.547947
1.32313 -0.53945
1.32653 -0.530852
1.32993 -0.522153
1.33333 -0.513352
1.33673 -0.50445
1.34014 -0.495448
1.34354 -0.486347
1.34694 -0.477147
1.35034 -0.46785
1.35374 -0.458457
1.35714 -0.448968
1.36054 -0.439384
1.36395 -0.429707
1.36735 -0.419937
1.37075 -0.410075
1.37415 -0.400121
1.37755 -0.390078
1.38095 -0.379945
1.38435 -0.369724
1.38776 -0.359416
1.39116 -0.349021
1.39456 -0.338541
1.39796 -0.327975
1.40136 -0.317326
1.40476 -0.306594
1.40816 -0.29578
1.41156 -0.284885
1.41497 -0.27391
1.41837 -0.262856
1.42177 -0.251723
1.42517 -0.240512
1.42857 -0.229225
1.43197 -0.217863
1.43537 -0.206425
1.43878 -0.194914
1.44218 -0.18333
1.44558 -0.171674
1.44898 -0.159946
1.45238 -0.148149
1.45578 -0.136282
1.45918 -0.124347
1.46259 -0.112344
1.46599 -0.100274
1.46939 -0.0881393
1.47279 -0.0759394
1.47619 -0.0636755
1.47959 -0.0513487
1.48299 -0.0389598
1.48639 -0.0265097
1.4898 -0.0139994
1.4932 -0.00142966
1.4966 0.0111985
1.5 0.0238843
1.5034 0.0366267
1.5068 0.0494247
1.5102 0.0622774
1.51361 0.0751837
1.51701 0.0881427
1.52041 0.101153
1.52381 0.114215
1.52721 0.127326
1.53061 0.140485
1.53401 0.153693
1.53741 0.166947
1.54082 0.180246
1.54422 0.19359
1.54762 0.206978
1.55102 0.220409
1.55442 0.233881
1.55782 0.247394
1.56122 0.260947
1.56463 0.274538
1.56803 0.288167
1.57143 0.301833
1.57483 0.315534
1.57823 0.32927
1.58163 0.343039
1.58503 0.356842
1.58844 0.370676
1.59184 0.38454
1.59524 0.398435
1.59864 0.412358
1.60204 0.426308
1.60544 0.440286
1.60884 0.454289
1.61224 0.468316
1.61565 0.482368
1.61905 0.496442
1.62245 0.510537
1.62585 0.524654
1.62925 0.53879
1.63265 0.552945
1.63605 0.567117
1.63946 0.581306
1.64286 0.595511
1.64626 0.609731
1.64966 0.623964
1.65306 0.63821
1.65646 0.652467
1.65986 0.666736
1.66327 0.681014
1.66667 0.6953
1.67007 0.709595
1.67347 0.723896
1.67687 0.738205
1.68027 0.75252
1.68367 0.76684
1.68707 0.781166
1.69048 0.795497
1.69388 0.809833
1.69728 0.824172
1.70068 0.838515
1.70408 0.852862
1.70748 0.867211
1.71088 0.881562
1.71429 0.895915
1.71769 0.910269
1.72109 0.924624
1.72449 0.93898
1.72789 0.953335
1.73129 0.96769
1.73469 0.982044
1.7381 0.996396
1.7415 1.01075
1.7449 1.0251
1.7483 1.03944
1.7517 1.05378
1.7551 1.06812
1.7585 1.08246
1.7619 1.09679
1.76531 1.11111
1.76871 1.12543
1.77211 1.13974
1.77551 1.15405
1.77891 1.16835
1.78231 1.18264
1.78571 1.19693
1.78912 1.2112
1.79252 1.22547
1.79592 1.23973
1.79932 1.25398
1.80272 1.26822
1.80612 1.28244
1.80952 1.29666
1.81293 1.31087
1.81633 1.32506
1.81973 1.33924
1.82313 1.35341
1.82653 1.36757
1.82993 1.38171
1.83333 1.39584
1.83673 1.40995
1.84014 1.42405
1.84354 1.43813
1.84694 1.4522
1.85034 1.46626
1.85374 1.4803
1.85714 1.49433
1.86054 1.50835
1.86395 1.52236
1.86735 1.53635
1.87075 1.55034
1.87415 1.56431
1.87755 1.57827
1.88095 1.59222
1.88435 1.60616
1.88776 1.62009
1.89116 1.634
1.89456 1.64791
1.89796 1.66181
1.90136 1.67571
1.90476 1.68959
1.90816 1.70346
1.91156 1.71733
1.91497 1.73119
1.91837 1.74504
1.92177 1.75888
1.92517 1.77272
1.92857 1.78655
1.93197 1.80037
1.93537 1.81419
1.93878 1.828
1.94218 1.84181
1.94558 1.85561
1.94898 1.86941
1.95238 1.8832
1.95578 1.89699
1.95918 1.91077
1.96259 1.92455
1.96599 1.93833
1.96939 1.95211
1.97279 1.96588
1.97619 1.97965
1.97959 1.99342
1.98299 2.00718
1.98639 2.02095
1.9898 2.03471
1.9932 2.04847
1.9966 2.06223
2 2.07599
