-2 -2.1803
-1.99833 -2.17344
-1.99667 -2.16658
-1.995 -2.15972
-1.99334 -2.15286
-1.99167 -2.146
-1.99 -2.13915
-1.98834 -2.13229
-1.98667 -2.12543
-1.98501 -2.11856
-1.98334 -2.1117
-1.98167 -2.10484
-1.98001 -2.09798
-1.97834 -2.09111
-1.97668 -2.08425
-1.97501 -2.07738
-1.97334 -2.07051
-1.97168 -2.06364
-1.97001 -2.05677
-1.96835 -2.0499
-1.96668 -2.04303
-1.96501 -2.03615
-1.96335 -2.02927
-1.96168 -2.02239
-1.96002 -2.01551
-1.95835 -2.00863
-1.95668 -2.00175
-1.95502 -1.99486
-1.95335 -1.98797
-1.95169 -1.98108
-1.95002 -1.97418
-1.94835 -1.96729
-1.94669 -1.96039
-1.94502 -1.95348
-1.94336 -1.94658
-1.94169 -1.93967
-1.94002 -1.93276
-1.93836 -1.92585
-1.93669 -1.91893
-1.93503 -1.91201
-1.93336 -1.90509
-1.9317 -1.89816
-1.93003 -1.89123
-1.92836 -1.8843
-1.9267 -1.87736
-1.92503 -1.87042
-1.92337 -1.86348
-1.9217 -1.85653
-1.92003 -1.84958
-1.91837 -1.84262
-1.9167 -1.83566
-1.91504 -1.8287
-1.91337 -1.82173
-1.9117 -1.81476
-1.91004 -1.80778
-1.90837 -1.8008
-1.90671 -1.79381
-1.90504 -1.78683
-1.90337 -1.77983
-1.90171 -1.77283
-1.90004 -1.76583
-1.89838 -1.75882
-1.89671 -1.75181
-1.89504 -1.7448
-1.89338 -1.73778
-1.89171 -1.73075
-1.89005 -1.72373
-1.88838 -1.71669
-1.88671 -1.70966
-1.88505 -1.70261
-1.88338 -1.69557
-1.88172 -1.68852
-1.88005 -1.68146
-1.87838 -1.6744
-1.87672 -1.66733
-1.87505 -1.66026
-1.87339 -1.65319
-1.87172 -1.64611
-1.87005 -1.63903
-1.86839 -1.63194
-1.86672 -1.62484
-1.86506 -1.61775
-1.86339 -1.61064
-1.86172 -1.60354
-1.86006 -1.59642
-1.85839 -1.58931
-1.85673 -1.58218
-1.85506 -1.57506
-1.85339 -1.56792
-1.85173 -1.56079
-1.85006 -1.55364
-1.8484 -1.5465
-1.84673 -1.53934
-1.84506 -1.53218
-1.8434 -1.52502
-1.84173 -1.51785
-1.84007 -1.51068
-1.8384 -1.5035
-1.83673 -1.49632
-1.83507 -1.48913
-1.8334 -1.48194
-1.83174 -1.47474
-1.83007 -1.46753
-1.8284 -1.46032
-1.82674 -1.45311
-1.82507 -1.44589
-1.82341 -1.43867
-1.82174 -1.43144
-1.82007 -1.4242
-1.81841 -1.41696
-1.81674 -1.40972
-1.81508 -1.40247
-1.81341 -1.39521
-1.81175 -1.38795
-1.81008 -1.38069
-1.80841 -1.37342
-1.80675 -1.36615
-1.80508 -1.35887
-1.80342 -1.35159
-1.80175 -1.3443
-1.80008 -1.33701
-1.79842 -1.32971
-1.79675 -1.32241
-1.79509 -1.3151
-1.79342 -1.30779
-1.79175 -1.30047
-1.79009 -1.29315
-1.78842 -1.28583
-1.78676 -1.2785
-1.78509 -1.27116
-1.78342 -1.26383
-1.78176 -1.25648
-1.78009 -1.24914
-1.77843 -1.24178
-1.77676 -1.23443
-1.77509 -1.22707
-1.77343 -1.2197
-1.77176 -1.21234
-1.7701 -1.20496
-1.76843 -1.19759
-1.76676 -1.1902
-1.7651 -1.18282
-1.76343 -1.17543
-1.76177 -1.16803
-1.7601 -1.16064
-1.75843 -1.15323
-1.75677 -1.14583
-1.7551 -1.13842
-1.75344 -1.131
-1.75177 -1.12359
-1.7501 -1.11616
-1.74844 -1.10874
-1.74677 -1.10131
-1.74511 -1.09388
-1.74344 -1.08644
-1.74177 -1.079
-1.74011 -1.07156
-1.73844 -1.06411
-1.73678 -1.05666
-1.73511 -1.04921
-1.73344 -1.04175
-1.73178 -1.03429
-1.73011 -1.02683
-1.72845 -1.01937
-1.72678 -1.0119
-1.72511 -1.00443
-1.72345 -0.996957
-1.72178 -0.989483
-1.72012 -0.982005
-1.71845 -0.974526
-1.71678 -0.967044
-1.71512 -0.959561
-1.71345 -0.952075
-1.71179 -0.944587
-1.71012 -0.937097
-1.70845 -0.929606
-1.70679 -0.922113
-1.70512 -0.914618
-1.70346 -0.907122
-1.70179 -0.899624
-1.70012 -0.892124
-1.69846 -0.884624
-1.69679 -0.877122
-1.69513 -0.869619
-1.69346 -0.862115
-1.6918 -0.85461
-1.69013 -0.847104
-1.68846 -0.839597
-1.6868 -0.83209
-1.68513 -0.824581
-1.68347 -0.817073
-1.6818 -0.809563
-1.68013 -0.802054
-1.67847 -0.794544
-1.6768 -0.787033
-1.67514 -0.779523
-1.67347 -0.772012
-1.6718 -0.764502
-1.67014 -0.756991
-1.66847 -0.749481
-1.66681 -0.741971
-1.66514 -0.734462
-1.66347 -0.726953
-1.66181 -0.719445
-1.66014 -0.711938
-1.65848 -0.704432
-1.65681 -0.696927
-1.65514 -0.689423
-1.65348 -0.681921
-1.65181 -0.67442
-1.65015 -0.666921
-1.64848 -0.659423
-1.64681 -0.651927
-1.64515 -0.644434
-1.64348 -0.636942
-1.64182 -0.629453
-1.64015 -0.621966
-1.63848 -0.614481
-1.63682 -0.607
-1.63515 -0.599521
-1.63349 -0.592044
-1.63182 -0.584571
-1.63015 -0.577101
-1.62849 -0.569634
-1.62682 -0.562171
-1.62516 -0.554711
-1.62349 -0.547255
-1.62182 -0.539802
-1.62016 -0.532354
-1.61849 -0.524909
-1.61683 -0.517468
-1.61516 -0.510032
-1.61349 -0.5026
-1.61183 -0.495173
-1.61016 -0.48775
-1.6085 -0.480332
-1.60683 -0.472919
-1.60516 -0.465511
-1.6035 -0.458108
-1.60183 -0.450711
-1.60017 -0.443318
-1.5985 -0.435932
-1.59683 -0.42855
-1.59517 -0.421175
-1.5935 -0.413806
-1.59184 -0.406442
-1.59017 -0.399085
-1.5885 -0.391734
-1.58684 -0.384389
-1.58517 -0.377051
-1.58351 -0.36972
-1.58184 -0.362396
-1.58017 -0.355078
-1.57851 -0.347768
-1.57684 -0.340465
-1.57518 -0.33317
-1.57351 -0.325882
-1.57185 -0.318602
-1.57018 -0.31133
-1.56851 -0.304066
-1.56685 -0.29681
-1.56518 -0.289563
-1.56352 -0.282324
-1.56185 -0.275093
-1.56018 -0.267872
-1.55852 -0.260659
-1.55685 -0.253455
-1.55519 -0.246261
-1.55352 -0.239076
-1.55185 -0.231901
-1.55019 -0.224735
-1.54852 -0.217579
-1.54686 -0.210433
-1.54519 -0.203297
-1.54352 -0.196172
-1.54186 -0.189057
-1.54019 -0.181952
-1.53853 -0.174858
-1.53686 -0.167775
-1.53519 -0.160703
-1.53353 -0.153642
-1.53186 -0.146592
-1.5302 -0.139554
-1.52853 -0.132528
-1.52686 -0.125513
-1.5252 -0.11851
-1.52353 -0.111519
-1.52187 -0.10454
-1.5202 -0.0975735
-1.51853 -0.0906195
-1.51687 -0.0836781
-1.5152 -0.0767495
-1.51354 -0.0698338
-1.51187 -0.0629311
-1.5102 -0.0560417
-1.50854 -0.0491656
-1.50687 -0.042303
-1.50521 -0.035454
-1.50354 -0.0286188
-1.50187 -0.0217976
-1.50021 -0.0149904
-1.49854 -0.00819738
-1.49688 -0.00141876
-1.49521 0.00534536
-1.49354 0.0120948
-1.49188 0.0188295
-1.49021 0.0255493
-1.48855 0.032254
-1.48688 0.0389435
-1.48521 0.0456176
-1.48355 0.0522762
-1.48188 0.0589191
-1.48022 0.0655463
-1.47855 0.0721575
-1.47688 0.0787527
-1.47522 0.0853316
-1.47355 0.0918942
-1.47189 0.0984403
-1.47022 0.10497
-1.46855 0.111482
-1.46689 0.117978
-1.46522 0.124457
-1.46356 0.130918
-1.46189 0.137362
-1.46022 0.143788
-1.45856 0.150197
-1.45689 0.156588
-1.45523 0.162961
-1.45356 0.169316
-1.4519 0.175653
-1.45023 0.181971
-1.44856 0.188271
-1.4469 0.194552
-1.44523 0.200815
-1.44357 0.207058
-1.4419 0.213282
-1.44023 0.219488
-1.43857 0.225673
-1.4369 0.231839
-1.43524 0.237986
-1.43357 0.244113
-1.4319 0.250219
-1.43024 0.256306
-1.42857 0.262372
-1.42691 0.268418
-1.42524 0.274444
-1.42357 0.280449
-1.42191 0.286433
-1.42024 0.292396
-1.41858 0.298339
-1.41691 0.30426
-1.41524 0.31016
-1.41358 0.316039
-1.41191 0.321896
-1.41025 0.327732
-1.40858 0.333546
-1.40691 0.339338
-1.40525 0.345108
-1.40358 0.350856
-1.40192 0.356582
-1.40025 0.362286
-1.39858 0.367968
-1.39692 0.373626
-1.39525 0.379263
-1.39359 0.384876
-1.39192 0.390467
-1.39025 0.396035
-1.38859 0.401579
-1.38692 0.407101
-1.38526 0.412599
-1.38359 0.418073
-1.38192 0.423524
-1.38026 0.428952
-1.37859 0.434355
-1.37693 0.439735
-1.37526 0.44509
-1.37359 0.450422
-1.37193 0.455729
-1.37026 0.461012
-1.3686 0.46627
-1.36693 0.471504
-1.36526 0.476712
-1.3636 0.481896
-1.36193 0.487055
-1.36027 0.492189
-1.3586 0.497298
-1.35693 0.502381
-1.35527 0.507439
-1.3536 0.512471
-1.35194 0.517478
-1.35027 0.522459
-1.3486 0.527414
-1.34694 0.532343
-1.34527 0.537245
-1.34361 0.542122
-1.34194 0.546972
-1.34027 0.551795
-1.33861 0.556593
-1.33694 0.561363
-1.33528 0.566108
-1.33361 0.570825
-1.33195 0.575516
-1.33028 0.580179
-1.32861 0.584816
-1.32695 0.589426
-1.32528 0.594009
-1.32362 0.598564
-1.32195 0.603093
-1.32028 0.607594
-1.31862 0.612068
-1.31695 0.616514
-1.31529 0.620933
-1.31362 0.625324
-1.31195 0.629687
-1.31029 0.634023
-1.30862 0.638331
-1.30696 0.642611
-1.30529 0.646863
-1.30362 0.651086
-1.30196 0.655282
-1.30029 0.65945
-1.29863 0.663589
-1.29696 0.6677
-1.29529 0.671782
-1.29363 0.675836
-1.29196 0.679861
-1.2903 0.683858
-1.28863 0.687826
-1.28696 0.691765
-1.2853 0.695675
-1.28363 0.699556
-1.28197 0.703409
-1.2803 0.707232
-1.27863 0.711025
-1.27697 0.71479
-1.2753 0.718525
-1.27364 0.722231
-1.27197 0.725907
-1.2703 0.729554
-1.26864 0.733171
-1.26697 0.736758
-1.26531 0.740315
-1.26364 0.743843
-1.26197 0.747341
-1.26031 0.750808
-1.25864 0.754246
-1.25698 0.757654
-1.25531 0.761032
-1.25364 0.764379
-1.25198 0.767697
-1.25031 0.770985
-1.24865 0.774242
-1.24698 0.777469
-1.24531 0.780667
-1.24365 0.783834
-1.24198 0.78697
-1.24032 0.790077
-1.23865 0.793153
-1.23698 0.796199
-1.23532 0.799215
-1.23365 0.8022
-1.23199 0.805155
-1.23032 0.80808
-1.22865 0.810974
-1.22699 0.813838
-1.22532 0.816671
-1.22366 0.819474
-1.22199 0.822246
-1.22032 0.824988
-1.21866 0.827699
-1.21699 0.83038
-1.21533 0.83303
-1.21366 0.835649
-1.212 0.838238
-1.21033 0.840796
-1.20866 0.843323
-1.207 0.845819
-1.20533 0.848285
-1.20367 0.85072
-1.202 0.853124
-1.20033 0.855498
-1.19867 0.85784
-1.197 0.860152
-1.19534 0.862433
-1.19367 0.864682
-1.192 0.866901
-1.19034 0.869089
-1.18867 0.871246
-1.18701 0.873372
-1.18534 0.875466
-1.18367 0.87753
-1.18201 0.879563
-1.18034 0.881564
-1.17868 0.883534
-1.17701 0.885474
-1.17534 0.887382
-1.17368 0.88926
-1.17201 0.891106
-1.17035 0.892922
-1.16868 0.894706
-1.16701 0.89646
-1.16535 0.898183
-1.16368 0.899875
-1.16202 0.901537
-1.16035 0.903167
-1.15868 0.904767
-1.15702 0.906337
-1.15535 0.907875
-1.15369 0.909383
-1.15202 0.91086
-1.15035 0.912307
-1.14869 0.913723
-1.14702 0.915109
-1.14536 0.916464
-1.14369 0.917789
-1.14202 0.919083
-1.14036 0.920347
-1.13869 0.921581
-1.13703 0.922784
-1.13536 0.923957
-1.13369 0.925099
-1.13203 0.926211
-1.13036 0.927293
-1.1287 0.928345
-1.12703 0.929367
-1.12536 0.930358
-1.1237 0.93132
-1.12203 0.932251
-1.12037 0.933152
-1.1187 0.934023
-1.11703 0.934864
-1.11537 0.935675
-1.1137 0.936456
-1.11204 0.937207
-1.11037 0.937929
-1.1087 0.93862
-1.10704 0.939282
-1.10537 0.939913
-1.10371 0.940515
-1.10204 0.941087
-1.10037 0.94163
-1.09871 0.942143
-1.09704 0.942626
-1.09538 0.94308
-1.09371 0.943504
-1.09204 0.943899
-1.09038 0.944264
-1.08871 0.944601
-1.08705 0.944908
-1.08538 0.945186
-1.08372 0.945435
-1.08205 0.945656
-1.08038 0.945847
-1.07872 0.94601
-1.07705 0.946144
-1.07539 0.94625
-1.07372 0.946327
-1.07205 0.946375
-1.07039 0.946395
-1.06872 0.946387
-1.06706 0.946351
-1.06539 0.946287
-1.06372 0.946194
-1.06206 0.946074
-1.06039 0.945925
-1.05873 0.945749
-1.05706 0.945545
-1.05539 0.945313
-1.05373 0.945054
-1.05206 0.944767
-1.0504 0.944453
-1.04873 0.944112
-1.04706 0.943743
-1.0454 0.943347
-1.04373 0.942924
-1.04207 0.942473
-1.0404 0.941996
-1.03873 0.941492
-1.03707 0.940961
-1.0354 0.940403
-1.03374 0.939819
-1.03207 0.939207
-1.0304 0.93857
-1.02874 0.937906
-1.02707 0.937215
-1.02541 0.936499
-1.02374 0.935756
-1.02207 0.934987
-1.02041 0.934192
-1.01874 0.93337
-1.01708 0.932523
-1.01541 0.931651
-1.01374 0.930752
-1.01208 0.929828
-1.01041 0.928879
-1.00875 0.927904
-1.00708 0.926904
-1.00541 0.925879
-1.00375 0.92483
-1.00208 0.923755
-1.00042 0.922655
-0.998751 0.921531
-0.997085 0.920383
-0.995419 0.91921
-0.993753 0.918013
-0.992087 0.916791
-0.990421 0.915546
-0.988755 0.914277
-0.987089 0.912983
-0.985423 0.911667
-0.983757 0.910326
-0.982091 0.908962
-0.980425 0.907575
-0.978759 0.906165
-0.977093 0.904731
-0.975427 0.903275
-0.973761 0.901796
-0.972095 0.900293
-0.970429 0.898769
-0.968763 0.897221
-0.967097 0.895652
-0.965431 0.89406
-0.963765 0.892445
-0.962099 0.890809
-0.960433 0.889151
-0.958767 0.887471
-0.957101 0.885769
-0.955435 0.884046
-0.953769 0.882301
-0.952103 0.880534
-0.950437 0.878747
-0.948771 0.876938
-0.947105 0.875108
-0.945439 0.873258
-0.943773 0.871386
-0.942107 0.869494
-0.940441 0.867581
-0.938776 0.865648
-0.93711 0.863695
-0.935444 0.861721
-0.933778 0.859727
-0.932112 0.857713
-0.930446 0.85568
-0.92878 0.853627
-0.927114 0.851554
-0.925448 0.849462
-0.923782 0.847351
-0.922116 0.845221
-0.92045 0.843072
-0.918784 0.840904
-0.917118 0.838717
-0.915452 0.836512
-0.913786 0.834288
-0.91212 0.832047
-0.910454 0.829787
-0.908788 0.827509
-0.907122 0.825214
-0.905456 0.8229
-0.90379 0.82057
-0.902124 0.818222
-0.900458 0.815856
-0.898792 0.813474
-0.897126 0.811074
-0.89546 0.808658
-0.893794 0.806225
-0.892128 0.803776
-0.890462 0.80131
-0.888796 0.798828
-0.88713 0.79633
-0.885464 0.793816
-0.883798 0.791286
-0.882132 0.78874
-0.880466 0.786179
-0.8788 0.783603
-0.877135 0.781011
-0.875469 0.778404
-0.873803 0.775782
-0.872137 0.773145
-0.870471 0.770494
-0.868805 0.767828
-0.867139 0.765147
-0.865473 0.762452
-0.863807 0.759744
-0.862141 0.757021
-0.860475 0.754284
-0.858809 0.751534
-0.857143 0.74877
-0.855477 0.745992
-0.853811 0.743202
-0.852145 0.740398
-0.850479 0.737581
-0.848813 0.734752
-0.847147 0.731909
-0.845481 0.729055
-0.843815 0.726188
-0.842149 0.723308
-0.840483 0.720417
-0.838817 0.717514
-0.837151 0.714599
-0.835485 0.711672
-0.833819 0.708734
-0.832153 0.705785
-0.830487 0.702824
-0.828821 0.699853
-0.827155 0.69687
-0.825489 0.693877
-0.823823 0.690874
-0.822157 0.68786
-0.820491 0.684835
-0.818825 0.681801
-0.81716 0.678757
-0.815494 0.675703
-0.813828 0.672639
-0.812162 0.669566
-0.810496 0.666484
-0.80883 0.663392
-0.807164 0.660292
-0.805498 0.657182
-0.803832 0.654064
-0.802166 0.650937
-0.8005 0.647802
-0.798834 0.644659
-0.797168 0.641507
-0.795502 0.638348
-0.793836 0.635181
-0.79217 0.632006
-0.790504 0.628823
-0.788838 0.625634
-0.787172 0.622437
-0.785506 0.619233
-0.78384 0.616022
-0.782174 0.612804
-0.780508 0.60958
-0.778842 0.606349
-0.777176 0.603112
-0.77551 0.599869
-0.773844 0.59662
-0.772178 0.593365
-0.770512 0.590105
-0.768846 0.586839
-0.76718 0.583567
-0.765514 0.580291
-0.763848 0.577009
-0.762182 0.573722
-0.760516 0.570431
-0.75885 0.567134
-0.757185 0.563834
-0.755519 0.560529
-0.753853 0.55722
-0.752187 0.553906
-0.750521 0.550589
-0.748855 0.547268
-0.747189 0.543944
-0.745523 0.540615
-0.743857 0.537284
-0.742191 0.53395
-0.740525 0.530612
-0.738859 0.527272
-0.737193 0.523928
-0.735527 0.520583
-0.733861 0.517235
-0.732195 0.513884
-0.730529 0.510531
-0.728863 0.507177
-0.727197 0.50382
-0.725531 0.500462
-0.723865 0.497103
-0.722199 0.493742
-0.720533 0.490379
-0.718867 0.487016
-0.717201 0.483651
-0.715535 0.480286
-0.713869 0.47692
-0.712203 0.473554
-0.710537 0.470187
-0.708871 0.46682
-0.707205 0.463453
-0.705539 0.460086
-0.703873 0.45672
-0.702207 0.453353
-0.700541 0.449987
-0.698875 0.446622
-0.697209 0.443258
-0.695544 0.439895
-0.693878 0.436532
-0.692212 0.433171
-0.690546 0.429812
-0.68888 0.426454
-0.687214 0.423097
-0.685548 0.419742
-0.683882 0.41639
-0.682216 0.413039
-0.68055 0.40969
-0.678884 0.406344
-0.677218 0.403
-0.675552 0.399659
-0.673886 0.39632
-0.67222 0.392985
-0.670554 0.389652
-0.668888 0.386322
-0.667222 0.382995
-0.665556 0.379672
-0.66389 0.376352
-0.662224 0.373036
-0.660558 0.369723
-0.658892 0.366415
-0.657226 0.36311
-0.65556 0.35981
-0.653894 0.356513
-0.652228 0.353221
-0.650562 0.349934
-0.648896 0.346651
-0.64723 0.343373
-0.645564 0.3401
-0.643898 0.336831
-0.642232 0.333568
-0.640566 0.33031
-0.6389 0.327058
-0.637234 0.323811
-0.635569 0.32057
-0.633903 0.317335
-0.632237 0.314105
-0.630571 0.310882
-0.628905 0.307664
-0.627239 0.304453
-0.625573 0.301249
-0.623907 0.298051
-0.622241 0.294859
-0.620575 0.291675
-0.618909 0.288497
-0.617243 0.285327
-0.615577 0.282164
-0.613911 0.279008
-0.612245 0.275859
-0.610579 0.272719
-0.608913 0.269586
-0.607247 0.26646
-0.605581 0.263343
-0.603915 0.260233
-0.602249 0.257132
-0.600583 0.254039
-0.598917 0.250954
-0.597251 0.247878
-0.595585 0.24481
-0.593919 0.24175
-0.592253 0.2387
-0.590587 0.235658
-0.588921 0.232625
-0.587255 0.229601
-0.585589 0.226586
-0.583923 0.22358
-0.582257 0.220584
-0.580591 0.217597
-0.578925 0.214619
-0.577259 0.211651
-0.575594 0.208693
-0.573928 0.205745
-0.572262 0.202806
-0.570596 0.199878
-0.56893 0.196959
-0.567264 0.194051
-0.565598 0.191153
-0.563932 0.188265
-0.562266 0.185388
-0.5606 0.182522
-0.558934 0.179666
-0.557268 0.176821
-0.555602 0.173986
-0.553936 0.171163
-0.55227 0.168351
-0.550604 0.16555
-0.548938 0.162761
-0.547272 0.159982
-0.545606 0.157216
-0.54394 0.15446
-0.542274 0.151717
-0.540608 0.148985
-0.538942 0.146265
-0.537276 0.143558
-0.53561 0.140862
-0.533944 0.138178
-0.532278 0.135507
-0.530612 0.132848
-0.528946 0.130201
-0.52728 0.127568
-0.525614 0.124946
-0.523948 0.122338
-0.522282 0.119742
-0.520616 0.117159
-0.51895 0.114588
-0.517284 0.112031
-0.515618 0.109486
-0.513953 0.106955
-0.512287 0.104437
-0.510621 0.101932
-0.508955 0.0994399
-0.507289 0.0969613
-0.505623 0.094496
-0.503957 0.0920442
-0.502291 0.0896058
-0.500625 0.0871809
-0.498959 0.0847697
-0.497293 0.0823721
-0.495627 0.0799882
-0.493961 0.077618
-0.492295 0.0752618
-0.490629 0.0729194
-0.488963 0.070591
-0.487297 0.0682766
-0.485631 0.0659763
-0.483965 0.0636901
-0.482299 0.0614181
-0.480633 0.0591605
-0.478967 0.0569171
-0.477301 0.0546881
-0.475635 0.0524736
-0.473969 0.0502737
-0.472303 0.0480882
-0.470637 0.0459175
-0.468971 0.0437614
-0.467305 0.0416201
-0.465639 0.0394936
-0.463973 0.0373821
-0.462307 0.0352854
-0.460641 0.0332038
-0.458975 0.0311372
-0.457309 0.0290858
-0.455643 0.0270496
-0.453978 0.0250286
-0.452312 0.023023
-0.450646 0.0210327
-0.44898 0.0190579
-0.447314 0.0170986
-0.445648 0.0151548
-0.443982 0.0132265
-0.442316 0.0113138
-0.44065 0.00941674
-0.438984 0.00753524
-0.437318 0.00566937
-0.435652 0.00381914
-0.433986 0.00198457
-0.43232 0.000165685
-0.430654 -0.0016375
-0.428988 -0.00342496
-0.427322 -0.00519667
-0.425656 -0.00695263
-0.42399 -0.0086928
-0.422324 -0.0104172
-0.420658 -0.0121257
-0.418992 -0.0138184
-0.417326 -0.0154953
-0.41566 -0.0171562
-0.413994 -0.0188013
-0.412328 -0.0204304
-0.410662 -0.0220436
-0.408996 -0.0236409
-0.40733 -0.0252221
-0.405664 -0.0267874
-0.403998 -0.0283366
-0.402332 -0.0298698
-0.400666 -0.031387
-0.399 -0.0328881
-0.397334 -0.034373
-0.395668 -0.0358419
-0.394002 -0.0372946
-0.392337 -0.0387311
-0.390671 -0.0401515
-0.389005 -0.0415557
-0.387339 -0.0429436
-0.385673 -0.0443153
-0.384007 -0.0456708
-0.382341 -0.04701
-0.380675 -0.0483329
-0.379009 -0.0496394
-0.377343 -0.0509297
-0.375677 -0.0522036
-0.374011 -0.0534611
-0.372345 -0.0547022
-0.370679 -0.0559269
-0.369013 -0.0571351
-0.367347 -0.0583269
-0.365681 -0.0595022
-0.364015 -0.0606611
-0.362349 -0.0618036
-0.360683 -0.0629296
-0.359017 -0.0640393
-0.357351 -0.0651325
-0.355685 -0.0662095
-0.354019 -0.0672701
-0.352353 -0.0683144
-0.350687 -0.0693425
-0.349021 -0.0703543
-0.347355 -0.0713498
-0.345689 -0.0723292
-0.344023 -0.0732923
-0.342357 -0.0742393
-0.340691 -0.0751702
-0.339025 -0.0760849
-0.337359 -0.0769835
-0.335693 -0.0778661
-0.334027 -0.0787325
-0.332362 -0.079583
-0.330696 -0.0804174
-0.32903 -0.0812359
-0.327364 -0.0820384
-0.325698 -0.0828249
-0.324032 -0.0835955
-0.322366 -0.0843502
-0.3207 -0.085089
-0.319034 -0.085812
-0.317368 -0.0865191
-0.315702 -0.0872104
-0.314036 -0.0878859
-0.31237 -0.0885457
-0.310704 -0.0891897
-0.309038 -0.0898179
-0.307372 -0.0904305
-0.305706 -0.0910274
-0.30404 -0.0916086
-0.302374 -0.0921742
-0.300708 -0.0927241
-0.299042 -0.0932585
-0.297376 -0.0937773
-0.29571 -0.0942805
-0.294044 -0.0947682
-0.292378 -0.0952404
-0.290712 -0.0956971
-0.289046 -0.0961384
-0.28738 -0.0965642
-0.285714 -0.0969746
-0.284048 -0.0973696
-0.282382 -0.0977493
-0.280716 -0.0981137
-0.27905 -0.0984628
-0.277384 -0.0987968
-0.275718 -0.0991157
-0.274052 -0.0994196
-0.272387 -0.0997085
-0.270721 -0.0999825
-0.269055 -0.100242
-0.267389 -0.100486
-0.265723 -0.100715
-0.264057 -0.10093
-0.262391 -0.101131
-0.260725 -0.101316
-0.259059 -0.101487
-0.257393 -0.101644
-0.255727 -0.101787
-0.254061 -0.101915
-0.252395 -0.102028
-0.250729 -0.102128
-0.249063 -0.102213
-0.247397 -0.102285
-0.245731 -0.102342
-0.244065 -0.102385
-0.242399 -0.102415
-0.240733 -0.10243
-0.239067 -0.102432
-0.237401 -0.10242
-0.235735 -0.102394
-0.234069 -0.102355
-0.232403 -0.102302
-0.230737 -0.102236
-0.229071 -0.102156
-0.227405 -0.102063
-0.225739 -0.101957
-0.224073 -0.101837
-0.222407 -0.101704
-0.220741 -0.101558
-0.219075 -0.101399
-0.217409 -0.101227
-0.215743 -0.101042
-0.214077 -0.100844
-0.212411 -0.100633
-0.210746 -0.10041
-0.20908 -0.100173
-0.207414 -0.0999246
-0.205748 -0.099663
-0.204082 -0.0993889
-0.202416 -0.0991024
-0.20075 -0.0988034
-0.199084 -0.0984922
-0.197418 -0.0981687
-0.195752 -0.0978331
-0.194086 -0.0974855
-0.19242 -0.097126
-0.190754 -0.0967545
-0.189088 -0.0963713
-0.187422 -0.0959765
-0.185756 -0.09557
-0.18409 -0.095152
-0.182424 -0.0947227
-0.180758 -0.094282
-0.179092 -0.0938301
-0.177426 -0.093367
-0.17576 -0.0928929
-0.174094 -0.0924078
-0.172428 -0.0919118
-0.170762 -0.0914051
-0.169096 -0.0908876
-0.16743 -0.0903596
-0.165764 -0.089821
-0.164098 -0.089272
-0.162432 -0.0887127
-0.160766 -0.0881431
-0.1591 -0.0875633
-0.157434 -0.0869735
-0.155768 -0.0863737
-0.154102 -0.085764
-0.152436 -0.0851445
-0.150771 -0.0845153
-0.149105 -0.0838764
-0.147439 -0.083228
-0.145773 -0.0825702
-0.144107 -0.081903
-0.142441 -0.0812265
-0.140775 -0.0805409
-0.139109 -0.0798461
-0.137443 -0.0791424
-0.135777 -0.0784297
-0.134111 -0.0777082
-0.132445 -0.076978
-0.130779 -0.0762392
-0.129113 -0.0754918
-0.127447 -0.0747359
-0.125781 -0.0739716
-0.124115 -0.0731991
-0.122449 -0.0724183
-0.120783 -0.0716294
-0.119117 -0.0708326
-0.117451 -0.0700278
-0.115785 -0.0692153
-0.114119 -0.0683951
-0.112453 -0.0675673
-0.110787 -0.066732
-0.109121 -0.0658894
-0.107455 -0.0650396
-0.105789 -0.0641826
-0.104123 -0.0633186
-0.102457 -0.0624476
-0.100791 -0.0615699
-0.0991254 -0.0606854
-0.0974594 -0.0597944
-0.0957934 -0.0588968
-0.0941274 -0.0579929
-0.0924615 -0.0570827
-0.0907955 -0.0561664
-0.0891295 -0.055244
-0.0874636 -0.0543156
-0.0857976 -0.0533814
-0.0841316 -0.0524415
-0.0824656 -0.0514959
-0.0807997 -0.0505449
-0.0791337 -0.0495884
-0.0774677 -0.0486266
-0.0758017 -0.0476597
-0.0741358 -0.0466877
-0.0724698 -0.0457106
-0.0708038 -0.0447288
-0.0691379 -0.0437421
-0.0674719 -0.0427509
-0.0658059 -0.041755
-0.0641399 -0.0407548
-0.062474 -0.0397502
-0.060808 -0.0387414
-0.059142 -0.0377285
-0.0574761 -0.0367116
-0.0558101 -0.0356908
-0.0541441 -0.0346663
-0.0524781 -0.033638
-0.0508122 -0.0326062
-0.0491462 -0.0315709
-0.0474802 -0.0305323
-0.0458142 -0.0294904
-0.0441483 -0.0284454
-0.0424823 -0.0273974
-0.0408163 -0.0263464
-0.0391504 -0.0252927
-0.0374844 -0.0242362
-0.0358184 -0.0231772
-0.0341524 -0.0221157
-0.0324865 -0.0210519
-0.0308205 -0.0199858
-0.0291545 -0.0189176
-0.0274885 -0.0178474
-0.0258226 -0.0167753
-0.0241566 -0.0157014
-0.0224906 -0.0146258
-0.0208247 -0.0135488
-0.0191587 -0.0124702
-0.0174927 -0.0113904
-0.0158267 -0.0103094
-0.0141608 -0.00922722
-0.0124948 -0.00814412
-0.0108288 -0.00706015
-0.00916285 -0.00597544
-0.00749688 -0.0048901
-0.0058309 -0.00380425
-0.00416493 -0.00271799
-0.00249896 -0.00163145
-0.000832986 -0.000544736
0.000832986 0.000542033
0.00249896 0.00162874
0.00416493 0.00271528
0.0058309 0.00380153
0.00749688 0.00488738
0.00916285 0.00597271
0.0108288 0.0070574
0.0124948 0.00814136
0.0141608 0.00922445
0.0158267 0.0103066
0.0174927 0.0113876
0.0191587 0.0124674
0.0208247 0.0135459
0.0224906 0.014623
0.0241566 0.0156985
0.0258226 0.0167723
0.0274885 0.0178444
0.0291545 0.0189146
0.0308205 0.0199827
0.0324865 0.0210488
0.0341524 0.0221126
0.0358184 0.023174
0.0374844 0.024233
0.0391504 0.0252894
0.0408163 0.0263431
0.0424823 0.027394
0.0441483 0.028442
0.0458142 0.0294869
0.0474802 0.0305287
0.0491462 0.0315673
0.0508122 0.0326025
0.0524781 0.0336343
0.0541441 0.0346624
0.0558101 0.0356869
0.0574761 0.0367077
0.059142 0.0377245
0.060808 0.0387373
0.062474 0.039746
0.0641399 0.0407505
0.0658059 0.0417507
0.0674719 0.0427464
0.0691379 0.0437376
0.0708038 0.0447242
0.0724698 0.0457059
0.0741358 0.0466829
0.0758017 0.0476548
0.0774677 0.0486217
0.0791337 0.0495833
0.0807997 0.0505397
0.0824656 0.0514906
0.0841316 0.0524361
0.0857976 0.0533759
0.0874636 0.05431
0.0891295 0.0552382
0.0907955 0.0561605
0.0924615 0.0570768
0.0941274 0.0579868
0.0957934 0.0588906
0.0974594 0.059788
0.0991254 0.060679
0.100791 0.0615633
0.102457 0.0624409
0.104123 0.0633117
0.105789 0.0641756
0.107455 0.0650325
0.109121 0.0658822
0.110787 0.0667247
0.112453 0.0675598
0.114119 0.0683874
0.115785 0.0692075
0.117451 0.0700199
0.119117 0.0708245
0.120783 0.0716212
0.122449 0.0724099
0.124115 0.0731905
0.125781 0.0739629
0.127447 0.074727
0.129113 0.0754827
0.130779 0.07623
0.132445 0.0769687
0.134111 0.0776987
0.135777 0.0784201
0.137443 0.0791325
0.139109 0.0798361
0.140775 0.0805307
0.142441 0.0812161
0.144107 0.0818924
0.145773 0.0825595
0.147439 0.0832171
0.149105 0.0838653
0.150771 0.084504
0.152436 0.085133
0.154102 0.0857523
0.155768 0.0863618
0.157434 0.0869615
0.1591 0.0875511
0.160766 0.0881306
0.162432 0.0887
0.164098 0.0892592
0.165764 0.089808
0.16743 0.0903463
0.169096 0.0908742
0.170762 0.0913914
0.172428 0.091898
0.174094 0.0923937
0.17576 0.0928786
0.177426 0.0933525
0.179092 0.0938153
0.180758 0.094267
0.182424 0.0947075
0.18409 0.0951366
0.185756 0.0955544
0.187422 0.0959606
0.189088 0.0963552
0.190754 0.0967382
0.19242 0.0971094
0.194086 0.0974687
0.195752 0.0978161
0.197418 0.0981514
0.199084 0.0984747
0.20075 0.0987857
0.202416 0.0990844
0.204082 0.0993707
0.205748 0.0996445
0.207414 0.0999058
0.20908 0.100154
0.210746 0.100391
0.212411 0.100614
0.214077 0.100824
0.215743 0.101022
0.217409 0.101207
0.219075 0.101379
0.220741 0.101537
0.222407 0.101683
0.224073 0.101816
0.225739 0.101935
0.227405 0.102041
0.229071 0.102134
0.230737 0.102214
0.232403 0.10228
0.234069 0.102332
0.235735 0.102371
0.237401 0.102396
0.239067 0.102408
0.240733 0.102406
0.242399 0.10239
0.244065 0.102361
0.245731 0.102317
0.247397 0.102259
0.249063 0.102188
0.250729 0.102102
0.252395 0.102002
0.254061 0.101888
0.255727 0.10176
0.257393 0.101617
0.259059 0.10146
0.260725 0.101289
0.262391 0.101103
0.264057 0.100902
0.265723 0.100687
0.267389 0.100457
0.269055 0.100212
0.270721 0.0999531
0.272387 0.0996788
0.274052 0.0993896
0.275718 0.0990854
0.277384 0.0987662
0.27905 0.0984319
0.280716 0.0980824
0.282382 0.0977177
0.284048 0.0973377
0.285714 0.0969424
0.28738 0.0965317
0.289046 0.0961055
0.290712 0.095664
0.292378 0.0952069
0.294044 0.0947344
0.29571 0.0942464
0.297376 0.0937428
0.299042 0.0932237
0.300708 0.092689
0.302374 0.0921387
0.30404 0.0915728
0.305706 0.0909913
0.307372 0.0903941
0.309038 0.0897812
0.310704 0.0891526
0.31237 0.0885082
0.314036 0.0878482
0.315702 0.0871723
0.317368 0.0864807
0.319034 0.0857732
0.3207 0.0850499
0.322366 0.0843108
0.324032 0.0835557
0.325698 0.0827848
0.327364 0.0819979
0.32903 0.0811951
0.330696 0.0803763
0.332362 0.0795416
0.334027 0.0786908
0.335693 0.077824
0.337359 0.0769411
0.339025 0.0760421
0.340691 0.0751271
0.342357 0.0741959
0.344023 0.0732485
0.345689 0.0722851
0.347355 0.0713054
0.349021 0.0703095
0.350687 0.0692973
0.352353 0.068269
0.354019 0.0672243
0.355685 0.0661633
0.357351 0.065086
0.359017 0.0639924
0.360683 0.0628824
0.362349 0.0617561
0.364015 0.0606133
0.365681 0.0594541
0.367347 0.0582784
0.369013 0.0570863
0.370679 0.0558777
0.372345 0.0546526
0.374011 0.0534112
0.375677 0.0521534
0.377343 0.0508791
0.379009 0.0495886
0.380675 0.0482817
0.382341 0.0469585
0.384007 0.0456189
0.385673 0.0442632
0.387339 0.0428911
0.389005 0.0415028
0.390671 0.0400983
0.392337 0.0386776
0.394002 0.0372407
0.395668 0.0357877
0.397334 0.0343185
0.399 0.0328333
0.400666 0.0313319
0.402332 0.0298144
0.403998 0.0282809
0.405664 0.0267313
0.40733 0.0251658
0.408996 0.0235842
0.410662 0.0219866
0.412328 0.0203731
0.413994 0.0187437
0.41566 0.0170983
0.417326 0.015437
0.418992 0.0137599
0.420658 0.0120669
0.422324 0.010358
0.42399 0.00863336
0.425656 0.00689289
0.427322 0.00513664
0.428988 0.00336463
0.430654 0.00157689
0.43232 -0.000226582
0.433986 -0.00204575
0.435652 -0.0038806
0.437318 -0.00573111
0.438984 -0.00759726
0.44065 -0.00947904
0.442316 -0.0113764
0.443982 -0.0132894
0.445648 -0.0152179
0.447314 -0.0171619
0.44898 -0.0191215
0.450646 -0.0210966
0.452312 -0.0230871
0.453978 -0.025093
0.455643 -0.0271142
0.457309 -0.0291507
0.458975 -0.0312024
0.460641 -0.0332692
0.462307 -0.035351
0.463973 -0.0374479
0.465639 -0.0395597
0.467305 -0.0416864
0.468971 -0.0438279
0.470637 -0.0459842
0.472303 -0.0481552
0.473969 -0.0503408
0.475635 -0.052541
0.477301 -0.0547557
0.478967 -0.0569849
0.480633 -0.0592284
0.482299 -0.0614863
0.483965 -0.0637584
0.485631 -0.0660448
0.487297 -0.0683453
0.488963 -0.0706598
0.490629 -0.0729884
0.492295 -0.0753309
0.493961 -0.0776874
0.495627 -0.0800577
0.497293 -0.0824417
0.498959 -0.0848394
0.500625 -0.0872508
0.502291 -0.0896758
0.503957 -0.0921143
0.505623 -0.0945663
0.507289 -0.0970317
0.508955 -0.0995104
0.510621 -0.102002
0.512287 -0.104508
0.513953 -0.107026
0.515618 -0.109557
0.517284 -0.112102
0.51895 -0.114659
0.520616 -0.11723
0.522282 -0.119813
0.523948 -0.122409
0.525614 -0.125018
0.52728 -0.127639
0.528946 -0.130273
0.530612 -0.132919
0.532278 -0.135578
0.533944 -0.13825
0.53561 -0.140933
0.537276 -0.143629
0.538942 -0.146337
0.540608 -0.149057
0.542274 -0.151788
0.54394 -0.154532
0.545606 -0.157287
0.547272 -0.160054
0.548938 -0.162832
0.550604 -0.165621
0.55227 -0.168422
0.553936 -0.171234
0.555602 -0.174057
0.557268 -0.176891
0.558934 -0.179736
0.5606 -0.182592
0.562266 -0.185459
0.563932 -0.188336
0.565598 -0.191223
0.567264 -0.194121
0.56893 -0.197029
0.570596 -0.199947
0.572262 -0.202876
0.573928 -0.205814
0.575594 -0.208762
0.577259 -0.21172
0.578925 -0.214688
0.580591 -0.217665
0.582257 -0.220652
0.583923 -0.223648
0.585589 -0.226654
0.587255 -0.229668
0.588921 -0.232692
0.590587 -0.235725
0.592253 -0.238766
0.593919 -0.241817
0.595585 -0.244876
0.597251 -0.247943
0.598917 -0.251019
0.600583 -0.254104
0.602249 -0.257197
0.603915 -0.260298
0.605581 -0.263407
0.607247 -0.266524
0.608913 -0.269649
0.610579 -0.272781
0.612245 -0.275922
0.613911 -0.27907
0.615577 -0.282225
0.617243 -0.285388
0.618909 -0.288558
0.620575 -0.291735
0.622241 -0.294919
0.623907 -0.29811
0.625573 -0.301307
0.627239 -0.304511
0.628905 -0.307721
0.630571 -0.310938
0.632237 -0.314161
0.633903 -0.31739
0.635569 -0.320625
0.637234 -0.323865
0.6389 -0.327111
0.640566 -0.330363
0.642232 -0.33362
0.643898 -0.336883
0.645564 -0.34015
0.64723 -0.343423
0.648896 -0.3467
0.650562 -0.349982
0.652228 -0.353269
0.653894 -0.35656
0.65556 -0.359856
0.657226 -0.363155
0.658892 -0.366459
0.660558 -0.369767
0.662224 -0.373079
0.66389 -0.376394
0.665556 -0.379713
0.667222 -0.383035
0.668888 -0.386361
0.670554 -0.38969
0.67222 -0.393022
0.673886 -0.396356
0.675552 -0.399694
0.677218 -0.403034
0.678884 -0.406377
0.68055 -0.409722
0.682216 -0.41307
0.683882 -0.41642
0.685548 -0.419771
0.687214 -0.423125
0.68888 -0.42648
0.690546 -0.429837
0.692212 -0.433195
0.693878 -0.436555
0.695544 -0.439916
0.697209 -0.443278
0.698875 -0.446641
0.700541 -0.450005
0.702207 -0.45337
0.703873 -0.456735
0.705539 -0.4601
0.707205 -0.463466
0.708871 -0.466831
0.710537 -0.470197
0.712203 -0.473562
0.713869 -0.476927
0.715535 -0.480292
0.717201 -0.483655
0.718867 -0.487018
0.720533 -0.49038
0.722199 -0.493741
0.723865 -0.4971
0.725531 -0.500458
0.727197 -0.503815
0.728863 -0.50717
0.730529 -0.510523
0.732195 -0.513873
0.733861 -0.517222
0.735527 -0.520569
0.737193 -0.523913
0.738859 -0.527254
0.740525 -0.530593
0.742191 -0.533928
0.743857 -0.537261
0.745523 -0.540591
0.747189 -0.543917
0.748855 -0.547239
0.750521 -0.550558
0.752187 -0.553874
0.753853 -0.557185
0.755519 -0.560492
0.757185 -0.563795
0.75885 -0.567094
0.760516 -0.570388
0.762182 -0.573677
0.763848 -0.576962
0.765514 -0.580241
0.76718 -0.583516
0.768846 -0.586785
0.770512 -0.590049
0.772178 -0.593307
0.773844 -0.59656
0.77551 -0.599806
0.777176 -0.603047
0.778842 -0.606281
0.780508 -0.60951
0.782174 -0.612731
0.78384 -0.615947
0.785506 -0.619155
0.787172 -0.622356
0.788838 -0.625551
0.790504 -0.628738
0.79217 -0.631918
0.793836 -0.63509
0.795502 -0.638255
0.797168 -0.641411
0.798834 -0.64456
0.8005 -0.647701
0.802166 -0.650833
0.803832 -0.653957
0.805498 -0.657072
0.807164 -0.660179
0.80883 -0.663277
0.810496 -0.666365
0.812162 -0.669445
0.813828 -0.672515
0.815494 -0.675576
0.81716 -0.678626
0.818825 -0.681668
0.820491 -0.684699
0.822157 -0.68772
0.823823 -0.690731
0.825489 -0.693731
0.827155 -0.696721
0.828821 -0.6997
0.830487 -0.702668
0.832153 -0.705625
0.833819 -0.708571
0.835485 -0.711506
0.837151 -0.714429
0.838817 -0.717341
0.840483 -0.720241
0.842149 -0.723129
0.843815 -0.726004
0.845481 -0.728868
0.847147 -0.731719
0.848813 -0.734558
0.850479 -0.737383
0.852145 -0.740196
0.853811 -0.742997
0.855477 -0.745783
0.857143 -0.748557
0.858809 -0.751317
0.860475 -0.754064
0.862141 -0.756796
0.863807 -0.759515
0.865473 -0.76222
0.867139 -0.764911
0.868805 -0.767587
0.870471 -0.770249
0.872137 -0.772897
0.873803 -0.775529
0.875469 -0.778147
0.877135 -0.78075
0.8788 -0.783337
0.880466 -0.78591
0.882132 -0.788467
0.883798 -0.791008
0.885464 -0.793533
0.88713 -0.796043
0.888796 -0.798537
0.890462 -0.801014
0.892128 -0.803476
0.893794 -0.805921
0.89546 -0.808349
0.897126 -0.810761
0.898792 -0.813155
0.900458 -0.815533
0.902124 -0.817894
0.90379 -0.820237
0.905456 -0.822563
0.907122 -0.824871
0.908788 -0.827162
0.910454 -0.829435
0.91212 -0.83169
0.913786 -0.833927
0.915452 -0.836145
0.917118 -0.838345
0.918784 -0.840527
0.92045 -0.84269
0.922116 -0.844834
0.923782 -0.846959
0.925448 -0.849065
0.927114 -0.851152
0.92878 -0.853219
0.930446 -0.855267
0.932112 -0.857295
0.933778 -0.859304
0.935444 -0.861292
0.93711 -0.86326
0.938776 -0.865209
0.940441 -0.867136
0.942107 -0.869043
0.943773 -0.87093
0.945439 -0.872796
0.947105 -0.874641
0.948771 -0.876465
0.950437 -0.878268
0.952103 -0.88005
0.953769 -0.881811
0.955435 -0.88355
0.957101 -0.885267
0.958767 -0.886963
0.960433 -0.888638
0.962099 -0.89029
0.963765 -0.89192
0.965431 -0.893529
0.967097 -0.895115
0.968763 -0.896678
0.970429 -0.89822
0.972095 -0.899738
0.973761 -0.901234
0.975427 -0.902707
0.977093 -0.904158
0.978759 -0.905585
0.980425 -0.906989
0.982091 -0.90837
0.983757 -0.909728
0.985423 -0.911062
0.987089 -0.912372
0.988755 -0.913659
0.990421 -0.914922
0.992087 -0.916161
0.993753 -0.917376
0.995419 -0.918566
0.997085 -0.919733
0.998751 -0.920875
1.00042 -0.921992
1.00208 -0.923085
1.00375 -0.924153
1.00541 -0.925196
1.00708 -0.926215
1.00875 -0.927208
1.01041 -0.928176
1.01208 -0.929118
1.01374 -0.930035
1.01541 -0.930927
1.01708 -0.931793
1.01874 -0.932633
1.02041 -0.933447
1.02207 -0.934236
1.02374 -0.934998
1.02541 -0.935734
1.02707 -0.936443
1.02874 -0.937127
1.0304 -0.937784
1.03207 -0.938414
1.03374 -0.939018
1.0354 -0.939596
1.03707 -0.940146
1.03873 -0.94067
1.0404 -0.941167
1.04207 -0.941637
1.04373 -0.94208
1.0454 -0.942496
1.04706 -0.942885
1.04873 -0.943247
1.0504 -0.943581
1.05206 -0.943888
1.05373 -0.944167
1.05539 -0.944419
1.05706 -0.944644
1.05873 -0.94484
1.06039 -0.945009
1.06206 -0.94515
1.06372 -0.945263
1.06539 -0.945348
1.06706 -0.945405
1.06872 -0.945434
1.07039 -0.945435
1.07205 -0.945407
1.07372 -0.945351
1.07539 -0.945267
1.07705 -0.945154
1.07872 -0.945012
1.08038 -0.944842
1.08205 -0.944643
1.08372 -0.944415
1.08538 -0.944158
1.08705 -0.943872
1.08871 -0.943558
1.09038 -0.943214
1.09204 -0.942841
1.09371 -0.942438
1.09538 -0.942006
1.09704 -0.941545
1.09871 -0.941055
1.10037 -0.940534
1.10204 -0.939984
1.10371 -0.939405
1.10537 -0.938795
1.10704 -0.938156
1.1087 -0.937487
1.11037 -0.936788
1.11204 -0.936059
1.1137 -0.9353
1.11537 -0.934512
1.11703 -0.933693
1.1187 -0.932845
1.12037 -0.931966
1.12203 -0.931058
1.1237 -0.930119
1.12536 -0.92915
1.12703 -0.928151
1.1287 -0.927122
1.13036 -0.926063
1.13203 -0.924974
1.13369 -0.923854
1.13536 -0.922704
1.13703 -0.921524
1.13869 -0.920314
1.14036 -0.919073
1.14202 -0.917802
1.14369 -0.9165
1.14536 -0.915168
1.14702 -0.913806
1.14869 -0.912413
1.15035 -0.91099
1.15202 -0.909536
1.15369 -0.908052
1.15535 -0.906537
1.15702 -0.904991
1.15868 -0.903415
1.16035 -0.901808
1.16202 -0.900171
1.16368 -0.898502
1.16535 -0.896803
1.16701 -0.895074
1.16868 -0.893313
1.17035 -0.891522
1.17201 -0.8897
1.17368 -0.887846
1.17534 -0.885963
1.17701 -0.884048
1.17868 -0.882102
1.18034 -0.880125
1.18201 -0.878117
1.18367 -0.876078
1.18534 -0.874008
1.18701 -0.871907
1.18867 -0.869776
1.19034 -0.867613
1.192 -0.865419
1.19367 -0.863194
1.19534 -0.860938
1.197 -0.858652
1.19867 -0.856334
1.20033 -0.853986
1.202 -0.851607
1.20367 -0.849197
1.20533 -0.846757
1.207 -0.844285
1.20866 -0.841784
1.21033 -0.839251
1.212 -0.836688
1.21366 -0.834094
1.21533 -0.831469
1.21699 -0.828815
1.21866 -0.826129
1.22032 -0.823413
1.22199 -0.820667
1.22366 -0.81789
1.22532 -0.815082
1.22699 -0.812245
1.22865 -0.809377
1.23032 -0.806478
1.23199 -0.803549
1.23365 -0.80059
1.23532 -0.797601
1.23698 -0.794582
1.23865 -0.791532
1.24032 -0.788452
1.24198 -0.785342
1.24365 -0.782202
1.24531 -0.779031
1.24698 -0.775831
1.24865 -0.772601
1.25031 -0.76934
1.25198 -0.76605
1.25364 -0.76273
1.25531 -0.759379
1.25698 -0.755999
1.25864 -0.752589
1.26031 -0.749149
1.26197 -0.745679
1.26364 -0.742179
1.26531 -0.73865
1.26697 -0.735091
1.26864 -0.731502
1.2703 -0.727884
1.27197 -0.724236
1.27364 -0.720558
1.2753 -0.716852
1.27697 -0.713116
1.27863 -0.709351
1.2803 -0.705556
1.28197 -0.701733
1.28363 -0.69788
1.2853 -0.693999
1.28696 -0.690089
1.28863 -0.68615
1.2903 -0.682183
1.29196 -0.678187
1.29363 -0.674162
1.29529 -0.67011
1.29696 -0.666028
1.29863 -0.661919
1.30029 -0.657781
1.30196 -0.653615
1.30362 -0.649421
1.30529 -0.6452
1.30696 -0.64095
1.30862 -0.636672
1.31029 -0.632367
1.31195 -0.628034
1.31362 -0.623674
1.31529 -0.619286
1.31695 -0.614871
1.31862 -0.610428
1.32028 -0.605959
1.32195 -0.601462
1.32362 -0.596938
1.32528 -0.592387
1.32695 -0.587809
1.32861 -0.583204
1.33028 -0.578572
1.33195 -0.573914
1.33361 -0.569229
1.33528 -0.564517
1.33694 -0.55978
1.33861 -0.555015
1.34027 -0.550225
1.34194 -0.545408
1.34361 -0.540565
1.34527 -0.535696
1.34694 -0.530801
1.3486 -0.52588
1.35027 -0.520933
1.35194 -0.515961
1.3536 -0.510963
1.35527 -0.50594
1.35693 -0.500891
1.3586 -0.495817
1.36027 -0.490718
1.36193 -0.485595
1.3636 -0.480446
1.36526 -0.475273
1.36693 -0.470075
1.3686 -0.464852
1.37026 -0.459606
1.37193 -0.454335
1.37359 -0.44904
1.37526 -0.443721
1.37693 -0.438378
1.37859 -0.433011
1.38026 -0.427621
1.38192 -0.422208
1.38359 -0.416771
1.38526 -0.41131
1.38692 -0.405827
1.38859 -0.400321
1.39025 -0.394791
1.39192 -0.389239
1.39359 -0.383665
1.39525 -0.378068
1.39692 -0.372448
1.39858 -0.366806
1.40025 -0.361142
1.40192 -0.355456
1.40358 -0.349748
1.40525 -0.344018
1.40691 -0.338267
1.40858 -0.332494
1.41025 -0.3267
1.41191 -0.320884
1.41358 -0.315047
1.41524 -0.309189
1.41691 -0.30331
1.41858 -0.297411
1.42024 -0.29149
1.42191 -0.285549
1.42357 -0.279588
1.42524 -0.273606
1.42691 -0.267604
1.42857 -0.261582
1.43024 -0.25554
1.4319 -0.249478
1.43357 -0.243396
1.43524 -0.237295
1.4369 -0.231175
1.43857 -0.225035
1.44023 -0.218876
1.4419 -0.212698
1.44357 -0.206502
1.44523 -0.200287
1.4469 -0.194053
1.44856 -0.187801
1.45023 -0.18153
1.4519 -0.175242
1.45356 -0.168936
1.45523 -0.162612
1.45689 -0.15627
1.45856 -0.149911
1.46022 -0.143535
1.46189 -0.137141
1.46356 -0.13073
1.46522 -0.124303
1.46689 -0.117858
1.46855 -0.111398
1.47022 -0.10492
1.47189 -0.0984266
1.47355 -0.0919168
1.47522 -0.085391
1.47688 -0.0788494
1.47855 -0.0722921
1.48022 -0.0657192
1.48188 -0.0591309
1.48355 -0.0525273
1.48521 -0.0459086
1.48688 -0.0392749
1.48855 -0.0326264
1.49021 -0.0259633
1.49188 -0.0192856
1.49354 -0.0125935
1.49521 -0.00588716
1.49688 0.000833248
1.49854 0.0075676
1.50021 0.0143158
1.50187 0.0210775
1.50354 0.0278528
1.50521 0.0346415
1.50687 0.0414434
1.50854 0.0482583
1.5102 0.0550861
1.51187 0.0619267
1.51354 0.0687799
1.5152 0.0756456
1.51687 0.0825236
1.51853 0.0894137
1.5202 0.0963159
1.52187 0.10323
1.52353 0.110156
1.5252 0.117093
1.52686 0.124042
1.52853 0.131002
1.5302 0.137973
1.53186 0.144955
1.53353 0.151948
1.53519 0.158951
1.53686 0.165965
1.53853 0.17299
1.54019 0.180024
1.54186 0.187069
1.54352 0.194124
1.54519 0.201188
1.54686 0.208262
1.54852 0.215345
1.55019 0.222438
1.55185 0.22954
1.55352 0.236651
1.55519 0.243771
1.55685 0.250899
1.55852 0.258036
1.56018 0.265182
1.56185 0.272335
1.56352 0.279497
1.56518 0.286667
1.56685 0.293845
1.56851 0.30103
1.57018 0.308223
1.57185 0.315423
1.57351 0.32263
1.57518 0.329844
1.57684 0.337066
1.57851 0.344294
1.58017 0.351528
1.58184 0.358769
1.58351 0.366017
1.58517 0.37327
1.58684 0.38053
1.5885 0.387795
1.59017 0.395066
1.59184 0.402343
1.5935 0.409625
1.59517 0.416913
1.59683 0.424205
1.5985 0.431503
1.60017 0.438805
1.60183 0.446112
1.6035 0.453424
1.60516 0.460741
1.60683 0.468061
1.6085 0.475386
1.61016 0.482715
1.61183 0.490049
1.61349 0.497386
1.61516 0.504726
1.61683 0.512071
1.61849 0.519419
1.62016 0.52677
1.62182 0.534125
1.62349 0.541482
1.62516 0.548843
1.62682 0.556207
1.62849 0.563573
1.63015 0.570942
1.63182 0.578313
1.63349 0.585687
1.63515 0.593063
1.63682 0.600441
1.63848 0.607821
1.64015 0.615203
1.64182 0.622587
1.64348 0.629972
1.64515 0.637359
1.64681 0.644747
1.64848 0.652136
1.65015 0.659526
1.65181 0.666918
1.65348 0.67431
1.65514 0.681703
1.65681 0.689096
1.65848 0.69649
1.66014 0.703884
1.66181 0.711279
1.66347 0.718673
1.66514 0.726068
1.66681 0.733462
1.66847 0.740856
1.67014 0.74825
1.6718 0.755643
1.67347 0.763035
1.67514 0.770427
1.6768 0.777818
1.67847 0.785207
1.68013 0.792596
1.6818 0.799983
1.68347 0.80737
1.68513 0.814755
1.6868 0.822138
1.68846 0.829521
1.69013 0.836901
1.6918 0.844281
1.69346 0.851658
1.69513 0.859034
1.69679 0.866408
1.69846 0.87378
1.70012 0.88115
1.70179 0.888517
1.70346 0.895883
1.70512 0.903247
1.70679 0.910608
1.70845 0.917967
1.71012 0.925323
1.71179 0.932677
1.71345 0.940028
1.71512 0.947377
1.71678 0.954723
1.71845 0.962066
1.72012 0.969406
1.72178 0.976743
1.72345 0.984076
1.72511 0.991407
1.72678 0.998735
1.72845 1.00606
1.73011 1.01338
1.73178 1.0207
1.73344 1.02801
1.73511 1.03532
1.73678 1.04263
1.73844 1.04993
1.74011 1.05723
1.74177 1.06452
1.74344 1.07181
1.74511 1.0791
1.74677 1.08638
1.74844 1.09366
1.7501 1.10093
1.75177 1.1082
1.75344 1.11547
1.7551 1.12273
1.75677 1.12999
1.75843 1.13724
1.7601 1.14448
1.76177 1.15172
1.76343 1.15896
1.7651 1.16619
1.76676 1.17342
1.76843 1.18064
1.7701 1.18786
1.77176 1.19507
1.77343 1.20228
1.77509 1.20949
1.77676 1.21668
1.77843 1.22388
1.78009 1.23107
1.78176 1.23825
1.78342 1.24543
1.78509 1.2526
1.78676 1.25977
1.78842 1.26694
1.79009 1.2741
1.79175 1.28125
1.79342 1.2884
1.79509 1.29555
1.79675 1.30269
1.79842 1.30982
1.80008 1.31695
1.80175 1.32407
1.80342 1.33119
1.80508 1.33831
1.80675 1.34542
1.80841 1.35252
1.81008 1.35962
1.81175 1.36671
1.81341 1.3738
1.81508 1.38089
1.81674 1.38796
1.81841 1.39504
1.82007 1.4021
1.82174 1.40917
1.82341 1.41622
1.82507 1.42328
1.82674 1.43032
1.8284 1.43736
1.83007 1.4444
1.83174 1.45143
1.8334 1.45846
1.83507 1.46548
1.83673 1.47249
1.8384 1.4795
1.84007 1.48651
1.84173 1.4935
1.8434 1.5005
1.84506 1.50749
1.84673 1.51447
1.8484 1.52145
1.85006 1.52842
1.85173 1.53539
1.85339 1.54235
1.85506 1.54931
1.85673 1.55626
1.85839 1.56321
1.86006 1.57016
1.86172 1.57709
1.86339 1.58403
1.86506 1.59096
1.86672 1.59788
1.86839 1.6048
1.87005 1.61172
1.87172 1.61863
1.87339 1.62554
1.87505 1.63244
1.87672 1.63934
1.87838 1.64623
1.88005 1.65312
1.88172 1.66001
1.88338 1.66689
1.88505 1.67376
1.88671 1.68064
1.88838 1.68751
1.89005 1.69437
1.89171 1.70123
1.89338 1.70809
1.89504 1.71494
1.89671 1.72179
1.89838 1.72864
1.90004 1.73548
1.90171 1.74232
1.90337 1.74915
1.90504 1.75598
1.90671 1.76281
1.90837 1.76963
1.91004 1.77645
1.9117 1.78327
1.91337 1.79008
1.91504 1.79689
1.9167 1.8037
1.91837 1.8105
1.92003 1.8173
1.9217 1.8241
1.92337 1.83089
1.92503 1.83769
1.9267 1.84447
1.92836 1.85126
1.93003 1.85804
1.9317 1.86482
1.93336 1.8716
1.93503 1.87837
1.93669 1.88515
1.93836 1.89191
1.94002 1.89868
1.94169 1.90545
1.94336 1.91221
1.94502 1.91897
1.94669 1.92573
1.94835 1.93248
1.95002 1.93924
1.95169 1.94599
1.95335 1.95274
1.95502 1.95949
1.95668 1.96623
1.95835 1.97298
1.96002 1.97972
1.96168 1.98646
1.96335 1.9932
1.96501 1.99994
1.96668 2.00668
1.96835 2.01342
1.97001 2.02015
1.97168 2.02688
1.97334 2.03362
1.97501 2.04035
1.97668 2.04708
1.97834 2.05381
1.98001 2.06054
1.98167 2.06726
1.98334 2.07399
1.98501 2.08072
1.98667 2.08744
1.98834 2.09417
1.99 2.10089
1.99167 2.10762
1.99334 2.11434
1.995 2.12107
1.99667 2.12779
1.99833 2.13452
2 2.14124
