0.4 0.413437
0.401361 0.412736
0.402721 0.412034
0.404082 0.411333
0.405442 0.410631
0.406803 0.409929
0.408163 0.409226
0.409524 0.408522
0.410884 0.407818
0.412245 0.407113
0.413605 0.406407
0.414966 0.4057
0.416327 0.404992
0.417687 0.404283
0.419048 0.403572
0.420408 0.40286
0.421769 0.402146
0.423129 0.401431
0.42449 0.400714
0.42585 0.399995
0.427211 0.399274
0.428571 0.39855
0.429932 0.397825
0.431293 0.397098
0.432653 0.396368
0.434014 0.395635
0.435374 0.3949
0.436735 0.394162
0.438095 0.393422
0.439456 0.392678
0.440816 0.391932
0.442177 0.391182
0.443537 0.390429
0.444898 0.389673
0.446259 0.388913
0.447619 0.38815
0.44898 0.387383
0.45034 0.386612
0.451701 0.385838
0.453061 0.38506
0.454422 0.384277
0.455782 0.38349
0.457143 0.3827
0.458503 0.381904
0.459864 0.381105
0.461224 0.3803
0.462585 0.379491
0.463946 0.378677
0.465306 0.377859
0.466667 0.377035
0.468027 0.376206
0.469388 0.375372
0.470748 0.374533
0.472109 0.373689
0.473469 0.37284
0.47483 0.371986
0.47619 0.371127
0.477551 0.370262
0.478912 0.369393
0.480272 0.368518
0.481633 0.367639
0.482993 0.366754
0.484354 0.365865
0.485714 0.36497
0.487075 0.36407
0.488435 0.363166
0.489796 0.362256
0.491156 0.361341
0.492517 0.360422
0.493878 0.359497
0.495238 0.358567
0.496599 0.357632
0.497959 0.356693
0.49932 0.355748
0.50068 0.354798
0.502041 0.353844
0.503401 0.352884
0.504762 0.35192
0.506122 0.35095
0.507483 0.349976
0.508844 0.348996
0.510204 0.348012
0.511565 0.347023
0.512925 0.346028
0.514286 0.345029
0.515646 0.344025
0.517007 0.343016
0.518367 0.342002
0.519728 0.340983
0.521088 0.33996
0.522449 0.338931
0.52381 0.337898
0.52517 0.336859
0.526531 0.335816
0.527891 0.334768
0.529252 0.333715
0.530612 0.332657
0.531973 0.331594
0.533333 0.330527
0.534694 0.329455
0.536054 0.328377
0.537415 0.327295
0.538776 0.326209
0.540136 0.325118
0.541497 0.324022
0.542857 0.322921
0.544218 0.321816
0.545578 0.320707
0.546939 0.319593
0.548299 0.318474
0.54966 0.317352
0.55102 0.316225
0.552381 0.315094
0.553741 0.313958
0.555102 0.312819
0.556463 0.311675
0.557823 0.310527
0.559184 0.309376
0.560544 0.30822
0.561905 0.30706
0.563265 0.305897
0.564626 0.304729
0.565986 0.303558
0.567347 0.302383
0.568707 0.301205
0.570068 0.300023
0.571429 0.298837
0.572789 0.297647
0.57415 0.296455
0.57551 0.295258
0.576871 0.294059
0.578231 0.292855
0.579592 0.291649
0.580952 0.290439
0.582313 0.289226
0.583673 0.28801
0.585034 0.286791
0.586395 0.285568
0.587755 0.284343
0.589116 0.283114
0.590476 0.281883
0.591837 0.280649
0.593197 0.279412
0.594558 0.278172
0.595918 0.276929
0.597279 0.275683
0.598639 0.274435
0.6 0.273184
0.601361 0.271931
0.602721 0.270675
0.604082 0.269417
0.605442 0.268156
0.606803 0.266893
0.608163 0.265627
0.609524 0.264359
0.610884 0.263089
0.612245 0.261817
0.613605 0.260543
0.614966 0.259266
0.616327 0.257988
0.617687 0.256707
0.619048 0.255425
0.620408 0.254141
0.621769 0.252855
0.623129 0.251568
0.62449 0.250278
0.62585 0.248987
0.627211 0.247695
0.628571 0.246401
0.629932 0.245105
0.631293 0.243808
0.632653 0.24251
0.634014 0.24121
0.635374 0.239909
0.636735 0.238607
0.638095 0.237304
0.639456 0.235999
0.640816 0.234694
0.642177 0.233387
0.643537 0.23208
0.644898 0.230772
0.646259 0.229462
0.647619 0.228152
0.64898 0.226842
0.65034 0.22553
0.651701 0.224218
0.653061 0.222906
0.654422 0.221592
0.655782 0.220279
0.657143 0.218965
0.658503 0.21765
0.659864 0.216336
0.661224 0.215021
0.662585 0.213705
0.663946 0.21239
0.665306 0.211075
0.666667 0.209759
0.666667 0.07283
0.668027 0.0774446
0.669388 0.0820592
0.670748 0.0866737
0.672109 0.0912882
0.673469 0.0959025
0.67483 0.100517
0.67619 0.105131
0.677551 0.109745
0.678912 0.114359
0.680272 0.118973
0.681633 0.123586
0.682993 0.1282
0.684354 0.132813
0.685714 0.137426
0.687075 0.142038
0.688435 0.146651
0.689796 0.151263
0.691156 0.155875
0.692517 0.160486
0.693878 0.165097
0.695238 0.169708
0.696599 0.174318
0.697959 0.178928
0.69932 0.183538
0.70068 0.188147
0.702041 0.192755
0.703401 0.197364
0.704762 0.201971
0.706122 0.206578
0.707483 0.211185
0.708844 0.215791
0.710204 0.220396
0.711565 0.225001
0.712925 0.229606
0.714286 0.234209
0.715646 0.238812
0.717007 0.243415
0.718367 0.248016
0.719728 0.252617
0.721088 0.257218
0.722449 0.261817
0.72381 0.266416
0.72517 0.271014
0.726531 0.275611
0.727891 0.280208
0.729252 0.284803
0.730612 0.289398
0.731973 0.293992
0.733333 0.298585
0.734694 0.303177
0.736054 0.307768
0.737415 0.312359
0.738776 0.316948
0.740136 0.321536
0.741497 0.326124
0.742857 0.330711
0.744218 0.335296
0.745578 0.339881
0.746939 0.344465
0.748299 0.349048
0.74966 0.35363
0.75102 0.358211
0.752381 0.362791
0.753741 0.36737
0.755102 0.371949
0.756463 0.376526
0.757823 0.381102
0.759184 0.385678
0.760544 0.390252
0.761905 0.394826
0.763265 0.399398
0.764626 0.40397
0.765986 0.40854
0.767347 0.41311
0.768707 0.417679
0.770068 0.422246
0.771429 0.426813
0.772789 0.431379
0.77415 0.435943
0.77551 0.440507
0.776871 0.44507
0.778231 0.449632
0.779592 0.454192
0.780952 0.458752
0.782313 0.463311
0.783673 0.467868
0.785034 0.472425
0.786395 0.476981
0.787755 0.481535
0.789116 0.486089
0.790476 0.490642
0.791837 0.495193
0.793197 0.499744
0.794558 0.504293
0.795918 0.508842
0.797279 0.513389
0.798639 0.517935
0.8 0.522481
0.801361 0.527025
0.802721 0.531568
0.804082 0.53611
0.805442 0.540652
0.806803 0.545192
0.808163 0.549731
0.809524 0.554269
0.810884 0.558806
0.812245 0.563342
0.813605 0.567878
0.814966 0.572412
0.816327 0.576945
0.817687 0.581477
0.819048 0.586009
0.820408 0.590539
0.821769 0.595068
0.823129 0.599597
0.82449 0.604125
0.82585 0.608651
0.827211 0.613177
0.828571 0.617702
0.829932 0.622226
0.831293 0.626749
0.832653 0.631271
0.834014 0.635793
0.835374 0.640313
0.836735 0.644833
0.838095 0.649352
0.839456 0.65387
0.840816 0.658387
0.842177 0.662904
0.843537 0.667419
0.844898 0.671934
0.846259 0.676448
0.847619 0.680961
0.84898 0.685473
0.85034 0.689985
0.851701 0.694496
0.853061 0.699006
0.854422 0.703515
0.855782 0.708024
0.857143 0.712532
0.858503 0.717039
0.859864 0.721546
0.861224 0.726051
0.862585 0.730557
0.863946 0.735061
0.865306 0.739565
0.866667 0.744068
0.868027 0.74857
0.869388 0.753072
0.870748 0.757573
0.872109 0.762073
0.873469 0.766573
0.87483 0.771072
0.87619 0.775571
0.877551 0.780069
0.878912 0.784566
0.880272 0.789063
0.881633 0.793559
0.882993 0.798055
0.884354 0.802551
0.885714 0.807046
0.887075 0.81154
0.888435 0.816034
0.889796 0.820527
0.891156 0.82502
0.892517 0.829513
0.893878 0.834005
0.895238 0.838497
0.896599 0.842989
0.897959 0.84748
0.89932 0.85197
0.90068 0.856461
0.902041 0.860951
0.903401 0.86544
0.904762 0.86993
0.906122 0.874419
0.907483 0.878908
0.908844 0.883397
0.910204 0.887885
0.911565 0.892373
0.912925 0.896861
0.914286 0.901349
0.915646 0.905836
0.917007 0.910324
0.918367 0.914811
0.919728 0.919298
0.921088 0.923785
0.922449 0.928271
0.92381 0.932758
0.92517 0.937245
0.926531 0.941731
0.927891 0.946217
0.929252 0.950704
0.930612 0.95519
0.931973 0.959676
0.933333 0.964163
0.933333 0.965836
0.934694 0.966426
0.936054 0.967017
0.937415 0.967607
0.938776 0.968197
0.940136 0.968787
0.941497 0.969377
0.942857 0.969967
0.944218 0.970557
0.945578 0.971147
0.946939 0.971737
0.948299 0.972326
0.94966 0.972916
0.95102 0.973505
0.952381 0.974094
0.953741 0.974683
0.955102 0.975272
0.956463 0.97586
0.957823 0.976448
0.959184 0.977036
0.960544 0.977624
0.961905 0.978211
0.963265 0.978798
0.964626 0.979385
0.965986 0.979971
0.967347 0.980557
0.968707 0.981143
0.970068 0.981729
0.971429 0.982313
0.972789 0.982898
0.97415 0.983482
0.97551 0.984066
0.976871 0.984649
0.978231 0.985232
0.979592 0.985815
0.980952 0.986397
0.982313 0.986978
0.983673 0.987559
0.985034 0.988139
0.986395 0.988719
0.987755 0.989299
0.989116 0.989877
0.990476 0.990456
0.991837 0.991033
0.993197 0.99161
0.994558 0.992187
0.995918 0.992762
0.997279 0.993337
0.998639 0.993912
1 0.994486
1.00136 0.995059
1.00272 0.995631
1.00408 0.996203
1.00544 0.996774
1.0068 0.997344
1.00816 0.997914
1.00952 0.998483
1.01088 0.999051
1.01224 0.999618
1.01361 1.00019
1.01497 1.00075
1.01633 1.00132
1.01769 1.00188
1.01905 1.00245
1.02041 1.00301
1.02177 1.00357
1.02313 1.00413
1.02449 1.0047
1.02585 1.00526
1.02721 1.00582
1.02857 1.00638
1.02993 1.00693
1.03129 1.00749
1.03265 1.00805
1.03401 1.00861
1.03537 1.00916
1.03673 1.00972
1.0381 1.01027
1.03946 1.01082
1.04082 1.01138
1.04218 1.01193
1.04354 1.01248
1.0449 1.01303
1.04626 1.01358
1.04762 1.01413
1.04898 1.01468
1.05034 1.01523
1.0517 1.01578
1.05306 1.01632
1.05442 1.01687
1.05578 1.01741
1.05714 1.01796
1.0585 1.0185
1.05986 1.01905
1.06122 1.01959
1.06259 1.02013
1.06395 1.02067
1.06531 1.02121
1.06667 1.02175
1.06803 1.02229
1.06939 1.02283
1.07075 1.02337
1.07211 1.0239
1.07347 1.02444
1.07483 1.02498
1.07619 1.02551
1.07755 1.02604
1.07891 1.02658
1.08027 1.02711
1.08163 1.02764
1.08299 1.02818
1.08435 1.02871
1.08571 1.02924
1.08707 1.02977
1.08844 1.0303
1.0898 1.03082
1.09116 1.03135
1.09252 1.03188
1.09388 1.03241
1.09524 1.03293
1.0966 1.03346
1.09796 1.03398
1.09932 1.03451
1.10068 1.03503
1.10204 1.03556
1.1034 1.03608
1.10476 1.0366
1.10612 1.03712
1.10748 1.03764
1.10884 1.03817
1.1102 1.03869
1.11156 1.03921
1.11293 1.03973
1.11429 1.04024
1.11565 1.04076
1.11701 1.04128
1.11837 1.0418
1.11973 1.04231
1.12109 1.04283
1.12245 1.04335
1.12381 1.04386
1.12517 1.04438
1.12653 1.04489
1.12789 1.04541
1.12925 1.04592
1.13061 1.04643
1.13197 1.04695
1.13333 1.04746
1.13469 1.04797
1.13605 1.04848
1.13741 1.04899
1.13878 1.0495
1.14014 1.05001
1.1415 1.05052
1.14286 1.05103
1.14422 1.05154
1.14558 1.05205
1.14694 1.05256
1.1483 1.05307
1.14966 1.05358
1.15102 1.05409
1.15238 1.05459
1.15374 1.0551
1.1551 1.05561
1.15646 1.05611
1.15782 1.05662
1.15918 1.05713
1.16054 1.05763
1.1619 1.05814
1.16327 1.05864
1.16463 1.05915
1.16599 1.05965
1.16735 1.06016
1.16871 1.06066
1.17007 1.06117
1.17143 1.06167
1.17279 1.06218
1.17415 1.06268
1.17551 1.06318
1.17687 1.06369
1.17823 1.06419
1.17959 1.06469
1.18095 1.0652
1.18231 1.0657
1.18367 1.0662
1.18503 1.06671
1.18639 1.06721
1.18776 1.06771
1.18912 1.06821
1.19048 1.06872
1.19184 1.06922
1.1932 1.06972
1.19456 1.07022
1.19592 1.07073
1.19728 1.07123
1.19864 1.07173
1.2 1.07223
1.2 1.06051
1.20136 1.05923
1.20272 1.05794
1.20408 1.05666
1.20544 1.05537
1.2068 1.05409
1.20816 1.0528
1.20952 1.05152
1.21088 1.05023
1.21224 1.04895
1.21361 1.04766
1.21497 1.04638
1.21633 1.04509
1.21769 1.0438
1.21905 1.04252
1.22041 1.04123
1.22177 1.03995
1.22313 1.03866
1.22449 1.03738
1.22585 1.03609
1.22721 1.0348
1.22857 1.03352
1.22993 1.03223
1.23129 1.03095
1.23265 1.02966
1.23401 1.02837
1.23537 1.02709
1.23673 1.0258
1.2381 1.02451
1.23946 1.02323
1.24082 1.02194
1.24218 1.02065
1.24354 1.01936
1.2449 1.01808
1.24626 1.01679
1.24762 1.0155
1.24898 1.01421
1.25034 1.01292
1.2517 1.01163
1.25306 1.01035
1.25442 1.00906
1.25578 1.00777
1.25714 1.00648
1.2585 1.00519
1.25986 1.0039
1.26122 1.00261
1.26259 1.00132
1.26395 1.00003
1.26531 0.998736
1.26667 0.997445
1.26803 0.996153
1.26939 0.994861
1.27075 0.993569
1.27211 0.992277
1.27347 0.990985
1.27483 0.989692
1.27619 0.988399
1.27755 0.987105
1.27891 0.985812
1.28027 0.984518
1.28163 0.983224
1.28299 0.98193
1.28435 0.980635
1.28571 0.97934
1.28707 0.978045
1.28844 0.976749
1.2898 0.975454
1.29116 0.974158
1.29252 0.972862
1.29388 0.971565
1.29524 0.970269
1.2966 0.968972
1.29796 0.967674
1.29932 0.966377
1.30068 0.965079
1.30204 0.963781
1.3034 0.962483
1.30476 0.961184
1.30612 0.959885
1.30748 0.958586
1.30884 0.957287
1.3102 0.955987
1.31156 0.954687
1.31293 0.953387
1.31429 0.952087
1.31565 0.950786
1.31701 0.949485
1.31837 0.948184
1.31973 0.946883
1.32109 0.945581
1.32245 0.944279
1.32381 0.942977
1.32517 0.941674
1.32653 0.940371
1.32789 0.939068
1.32925 0.937765
1.33061 0.936462
1.33197 0.935158
1.33333 0.933854
1.33469 0.932549
1.33605 0.931245
1.33741 0.92994
1.33878 0.928635
1.34014 0.92733
1.3415 0.926024
1.34286 0.924718
1.34422 0.923412
1.34558 0.922106
1.34694 0.920799
1.3483 0.919492
1.34966 0.918185
1.35102 0.916878
1.35238 0.91557
1.35374 0.914263
1.3551 0.912955
1.35646 0.911646
1.35782 0.910338
1.35918 0.909029
1.36054 0.90772
1.3619 0.906411
1.36327 0.905102
1.36463 0.903793
1.36599 0.902483
1.36735 0.901173
1.36871 0.899863
1.37007 0.898552
1.37143 0.897242
1.37279 0.895931
1.37415 0.89462
1.37551 0.893309
1.37687 0.891998
1.37823 0.890686
1.37959 0.889375
1.38095 0.888063
1.38231 0.886751
1.38367 0.885438
1.38503 0.884126
1.38639 0.882813
1.38776 0.881501
1.38912 0.880188
1.39048 0.878875
1.39184 0.877561
1.3932 0.876248
1.39456 0.874934
1.39592 0.87362
1.39728 0.872307
1.39864 0.870992
1.4 0.869678
1.40136 0.868364
1.40272 0.867049
1.40408 0.865735
1.40544 0.86442
1.4068 0.863105
1.40816 0.86179
1.40952 0.860475
1.41088 0.859159
1.41224 0.857844
1.41361 0.856528
1.41497 0.855212
1.41633 0.853897
1.41769 0.852581
1.41905 0.851265
1.42041 0.849948
1.42177 0.848632
1.42313 0.847316
1.42449 0.845999
1.42585 0.844683
1.42721 0.843366
1.42857 0.842049
1.42993 0.840732
1.43129 0.839416
1.43265 0.838099
1.43401 0.836781
1.43537 0.835464
1.43673 0.834147
1.4381 0.83283
1.43946 0.831512
1.44082 0.830195
1.44218 0.828878
1.44354 0.82756
1.4449 0.826242
1.44626 0.824925
1.44762 0.823607
1.44898 0.822289
1.45034 0.820972
1.4517 0.819654
1.45306 0.818336
1.45442 0.817018
1.45578 0.8157
1.45714 0.814382
1.4585 0.813064
1.45986 0.811746
1.46122 0.810429
1.46259 0.809111
1.46395 0.807793
1.46531 0.806475
1.46667 0.805157
1.46667 0.79978
1.46803 0.797841
1.46939 0.795902
1.47075 0.793963
1.47211 0.792024
1.47347 0.790085
1.47483 0.788146
1.47619 0.786207
1.47755 0.784268
1.47891 0.782329
1.48027 0.78039
1.48163 0.778451
1.48299 0.776512
1.48435 0.774573
1.48571 0.772634
1.48707 0.770694
1.48844 0.768755
1.4898 0.766816
1.49116 0.764877
1.49252 0.762937
1.49388 0.760998
1.49524 0.759059
1.4966 0.757119
1.49796 0.75518
1.49932 0.75324
1.50068 0.751301
1.50204 0.749361
1.5034 0.747422
1.50476 0.745482
1.50612 0.743542
1.50748 0.741603
1.50884 0.739663
1.5102 0.737723
1.51156 0.735783
1.51293 0.733843
1.51429 0.731903
1.51565 0.729963
1.51701 0.728023
1.51837 0.726083
1.51973 0.724142
1.52109 0.722202
1.52245 0.720262
1.52381 0.718321
1.52517 0.716381
1.52653 0.71444
1.52789 0.712499
1.52925 0.710559
1.53061 0.708618
1.53197 0.706677
1.53333 0.704736
1.53469 0.702795
1.53605 0.700854
1.53741 0.698912
1.53878 0.696971
1.54014 0.695029
1.5415 0.693088
1.54286 0.691146
1.54422 0.689205
1.54558 0.687263
1.54694 0.685321
1.5483 0.683379
1.54966 0.681437
1.55102 0.679495
1.55238 0.677553
1.55374 0.67561
1.5551 0.673668
1.55646 0.671726
1.55782 0.669783
1.55918 0.66784
1.56054 0.665898
1.5619 0.663955
1.56327 0.662012
1.56463 0.660069
1.56599 0.658126
1.56735 0.656183
1.56871 0.65424
1.57007 0.652296
1.57143 0.650353
1.57279 0.64841
1.57415 0.646466
1.57551 0.644523
1.57687 0.642579
1.57823 0.640635
1.57959 0.638691
1.58095 0.636747
1.58231 0.634803
1.58367 0.632859
1.58503 0.630915
1.58639 0.628971
1.58776 0.627026
1.58912 0.625082
1.59048 0.623137
1.59184 0.621193
1.5932 0.619248
1.59456 0.617303
1.59592 0.615358
1.59728 0.613413
1.59864 0.611468
1.6 0.609523
1.60136 0.607578
1.60272 0.605633
1.60408 0.603687
1.60544 0.601742
1.6068 0.599796
1.60816 0.597851
1.60952 0.595905
1.61088 0.593959
1.61224 0.592013
1.61361 0.590068
1.61497 0.588122
1.61633 0.586175
1.61769 0.584229
1.61905 0.582283
1.62041 0.580337
1.62177 0.578391
1.62313 0.576444
1.62449 0.574498
1.62585 0.572551
1.62721 0.570604
1.62857 0.568658
1.62993 0.566711
1.63129 0.564764
1.63265 0.562817
1.63401 0.56087
1.63537 0.558923
1.63673 0.556976
1.6381 0.555029
1.63946 0.553082
1.64082 0.551134
1.64218 0.549187
1.64354 0.54724
1.6449 0.545292
1.64626 0.543345
1.64762 0.541397
1.64898 0.53945
1.65034 0.537502
1.6517 0.535554
1.65306 0.533606
1.65442 0.531658
1.65578 0.529711
1.65714 0.527763
1.6585 0.525815
1.65986 0.523866
1.66122 0.521918
1.66259 0.51997
1.66395 0.518022
1.66531 0.516074
1.66667 0.514125
1.66803 0.512177
1.66939 0.510229
1.67075 0.50828
1.67211 0.506332
1.67347 0.504383
1.67483 0.502435
1.67619 0.500486
1.67755 0.498537
1.67891 0.496589
1.68027 0.49464
1.68163 0.492691
1.68299 0.490742
1.68435 0.488793
1.68571 0.486845
1.68707 0.484896
1.68844 0.482947
1.6898 0.480998
1.69116 0.479049
1.69252 0.4771
1.69388 0.475151
1.69524 0.473201
1.6966 0.471252
1.69796 0.469303
1.69932 0.467354
1.70068 0.465405
1.70204 0.463456
1.7034 0.461506
1.70476 0.459557
1.70612 0.457608
1.70748 0.455658
1.70884 0.453709
1.7102 0.45176
1.71156 0.44981
1.71293 0.447861
1.71429 0.445912
1.71565 0.443962
1.71701 0.442013
1.71837 0.440063
1.71973 0.438114
1.72109 0.436165
1.72245 0.434215
1.72381 0.432266
1.72517 0.430316
1.72653 0.428367
1.72789 0.426417
1.72925 0.424468
1.73061 0.422518
1.73197 0.420569
1.73333 0.418619
1.73333 0.416254
1.73469 0.414134
1.73605 0.412015
1.73741 0.409896
1.73878 0.407777
1.74014 0.405658
1.7415 0.403539
1.74286 0.40142
1.74422 0.3993
1.74558 0.397181
1.74694 0.395062
1.7483 0.392943
1.74966 0.390824
1.75102 0.388705
1.75238 0.386585
1.75374 0.384466
1.7551 0.382347
1.75646 0.380228
1.75782 0.378109
1.75918 0.375989
1.76054 0.37387
1.7619 0.371751
1.76327 0.369632
1.76463 0.367512
1.76599 0.365393
1.76735 0.363274
1.76871 0.361155
1.77007 0.359035
1.77143 0.356916
1.77279 0.354797
1.77415 0.352677
1.77551 0.350558
1.77687 0.348439
1.77823 0.346319
1.77959 0.3442
1.78095 0.342081
1.78231 0.339961
1.78367 0.337842
1.78503 0.335723
1.78639 0.333603
1.78776 0.331484
1.78912 0.329364
1.79048 0.327245
1.79184 0.325125
1.7932 0.323006
1.79456 0.320886
1.79592 0.318767
1.79728 0.316647
1.79864 0.314528
1.8 0.312408
1.80136 0.310289
1.80272 0.308169
1.80408 0.306049
1.80544 0.30393
1.8068 0.30181
1.80816 0.29969
1.80952 0.297571
1.81088 0.295451
1.81224 0.293331
1.81361 0.291211
1.81497 0.289092
1.81633 0.286972
1.81769 0.284852
1.81905 0.282732
1.82041 0.280612
1.82177 0.278493
1.82313 0.276373
1.82449 0.274253
1.82585 0.272133
1.82721 0.270013
1.82857 0.267893
1.82993 0.265773
1.83129 0.263653
1.83265 0.261533
1.83401 0.259413
1.83537 0.257293
1.83673 0.255173
1.8381 0.253053
1.83946 0.250933
1.84082 0.248813
1.84218 0.246693
1.84354 0.244573
1.8449 0.242452
1.84626 0.240332
1.84762 0.238212
1.84898 0.236092
1.85034 0.233972
1.8517 0.231851
1.85306 0.229731
1.85442 0.227611
1.85578 0.225491
1.85714 0.22337
1.8585 0.22125
1.85986 0.21913
1.86122 0.217009
1.86259 0.214889
1.86395 0.212769
1.86531 0.210648
1.86667 0.208528
1.86803 0.206407
1.86939 0.204287
1.87075 0.202167
1.87211 0.200046
1.87347 0.197926
1.87483 0.195805
1.87619 0.193685
1.87755 0.191564
1.87891 0.189443
1.88027 0.187323
1.88163 0.185202
1.88299 0.183082
1.88435 0.180961
1.88571 0.178841
1.88707 0.17672
1.88844 0.174599
1.8898 0.172479
1.89116 0.170358
1.89252 0.168237
1.89388 0.166117
1.89524 0.163996
1.8966 0.161875
1.89796 0.159754
1.89932 0.157634
1.90068 0.155513
1.90204 0.153392
1.9034 0.151271
1.90476 0.149151
1.90612 0.14703
1.90748 0.144909
1.90884 0.142788
1.9102 0.140667
1.91156 0.138546
1.91293 0.136426
1.91429 0.134305
1.91565 0.132184
1.91701 0.130063
1.91837 0.127942
1.91973 0.125821
1.92109 0.1237
1.92245 0.121579
1.92381 0.119458
1.92517 0.117337
1.92653 0.115216
1.92789 0.113095
1.92925 0.110975
1.93061 0.108854
1.93197 0.106733
1.93333 0.104612
1.93469 0.102491
1.93605 0.100369
1.93741 0.0982485
1.93878 0.0961274
1.94014 0.0940064
1.9415 0.0918853
1.94286 0.0897643
1.94422 0.0876432
1.94558 0.0855221
1.94694 0.0834011
1.9483 0.08128
1.94966 0.0791589
1.95102 0.0770378
1.95238 0.0749167
1.95374 0.0727956
1.9551 0.0706744
1.95646 0.0685533
1.95782 0.0664322
1.95918 0.0643111
1.96054 0.0621899
1.9619 0.0600688
1.96327 0.0579476
1.96463 0.0558265
1.96599 0.0537053
1.96735 0.0515842
1.96871 0.049463
1.97007 0.0473418
1.97143 0.0452207
1.97279 0.0430995
1.97415 0.0409783
1.97551 0.0388571
1.97687 0.0367359
1.97823 0.0346147
1.97959 0.0324936
1.98095 0.0303724
1.98231 0.0282512
1.98367 0.02613
1.98503 0.0240088
1.98639 0.0218876
1.98776 0.0197664
1.98912 0.0176452
1.99048 0.0155239
1.99184 0.0134027
1.9932 0.0112815
1.99456 0.00916032
1.99592 0.0070391
1.99728 0.00491789
1.99864 0.00279668
2 0.000675469
