-2 -1.94083
-1.97959 -1.86095
-1.95918 -1.78111
-1.93878 -1.70137
-1.91837 -1.62179
-1.89796 -1.54241
-1.87755 -1.46327
-1.85714 -1.38444
-1.83673 -1.30596
-1.81633 -1.22789
-1.79592 -1.15026
-1.77551 -1.07314
-1.7551 -0.996573
-1.73469 -0.920609
-1.71429 -0.845298
-1.69388 -0.770691
-1.67347 -0.696839
-1.65306 -0.623792
-1.63265 -0.551599
-1.61224 -0.480311
-1.59184 -0.409979
-1.57143 -0.340653
-1.55102 -0.272383
-1.53061 -0.205219
-1.5102 -0.139212
-1.4898 -0.0744119
-1.46939 -0.010869
-1.44898 0.0513664
-1.42857 0.112244
-1.40816 0.171713
-1.38776 0.229724
-1.36735 0.286227
-1.34694 0.34117
-1.32653 0.394504
-1.30612 0.446179
-1.28571 0.496144
-1.26531 0.544348
-1.2449 0.590742
-1.22449 0.635276
-1.20408 0.677898
-1.18367 0.718559
-1.16327 0.757209
-1.14286 0.793797
-1.12245 0.828272
-1.10204 0.860585
-1.08163 0.890686
-1.06122 0.918523
-1.04082 0.944047
-1.02041 0.967207
-1 0.987954
-0.979592 1.00625
-0.959184 1.02214
-0.938776 1.03567
-0.918367 1.04689
-0.897959 1.05585
-0.877551 1.06261
-0.857143 1.06722
-0.836735 1.06973
-0.816327 1.07019
-0.795918 1.06866
-0.77551 1.06518
-0.755102 1.05981
-0.734694 1.0526
-0.714286 1.04361
-0.693878 1.03288
-0.673469 1.02047
-0.653061 1.00643
-0.632653 0.990808
-0.612245 0.973661
-0.591837 0.95504
-0.571429 0.934998
-0.55102 0.913585
-0.530612 0.890854
-0.510204 0.866857
-0.489796 0.841646
-0.469388 0.815274
-0.44898 0.787793
-0.428571 0.759254
-0.408163 0.729709
-0.387755 0.699212
-0.367347 0.667813
-0.346939 0.635565
-0.326531 0.602521
-0.306122 0.568731
-0.285714 0.534249
-0.265306 0.499126
-0.244898 0.463415
-0.22449 0.427168
-0.204082 0.390436
-0.183673 0.353271
-0.163265 0.315727
-0.142857 0.277855
-0.122449 0.239707
-0.102041 0.201335
-0.0816327 0.162792
-0.0612245 0.124129
-0.0408163 0.0853979
-0.0204082 0.046652
0 0.00794276
0.0204082 -0.0306787
0.0408163 -0.0691661
0.0612245 -0.107474
0.0816327 -0.145557
0.102041 -0.183369
0.122449 -0.220866
0.142857 -0.258003
0.163265 -0.294732
0.183673 -0.331011
0.204082 -0.366792
0.22449 -0.402031
0.244898 -0.436682
0.265306 -0.4707
0.285714 -0.50404
0.306122 -0.536656
0.326531 -0.568502
0.346939 -0.599535
0.367347 -0.629707
0.387755 -0.658975
0.408163 -0.687292
0.428571 -0.714613
0.44898 -0.740893
0.469388 -0.766086
0.489796 -0.790147
0.510204 -0.813031
0.530612 -0.834693
0.55102 -0.855086
0.571429 -0.874166
0.591837 -0.891888
0.612245 -0.908205
0.632653 -0.923074
0.653061 -0.936447
0.673469 -0.94828
0.693878 -0.958528
0.714286 -0.967145
0.734694 -0.974086
0.755102 -0.979306
0.77551 -0.982758
0.795918 -0.984399
0.816327 -0.984182
0.836735 -0.982062
0.857143 -0.977994
0.877551 -0.971932
0.897959 -0.963831
0.918367 -0.953646
0.938776 -0.941332
0.959184 -0.926842
0.979592 -0.910132
1 -0.891156
1.02041 -0.869885
1.04082 -0.84635
1.06122 -0.820598
1.08163 -0.792676
1.10204 -0.762633
1.12245 -0.730514
1.14286 -0.696366
1.16327 -0.660238
1.18367 -0.622177
1.20408 -0.582228
1.22449 -0.54044
1.2449 -0.49686
1.26531 -0.451535
1.28571 -0.404512
1.30612 -0.355839
1.32653 -0.305561
1.34694 -0.253727
1.36735 -0.200384
1.38776 -0.145579
1.40816 -0.0893593
1.42857 -0.0317715
1.44898 0.0271369
1.46939 0.0873187
1.4898 0.148727
1.5102 0.211314
1.53061 0.275033
1.55102 0.339837
1.57143 0.405679
1.59184 0.472511
1.61224 0.540286
1.63265 0.608957
1.65306 0.678478
1.67347 0.7488
1.69388 0.819876
1.71429 0.891661
1.73469 0.964105
1.7551 1.03716
1.77551 1.11079
1.79592 1.18493
1.81633 1.25954
1.83673 1.33458
1.85714 1.41
1.87755 1.48574
1.89796 1.56177
1.91837 1.63804
1.93878 1.71449
1.95918 1.79109
1.97959 1.86778
2 1.94451
