-2 -1.9318
-1.99093 -1.89573
-1.98186 -1.85967
-1.97279 -1.82361
-1.96372 -1.78758
-1.95465 -1.75156
-1.94558 -1.71557
-1.93651 -1.67961
-1.92744 -1.64368
-1.91837 -1.6078
-1.9093 -1.57196
-1.90023 -1.53617
-1.89116 -1.50044
-1.88209 -1.46477
-1.87302 -1.42916
-1.86395 -1.39363
-1.85488 -1.35817
-1.8458 -1.32279
-1.83673 -1.28751
-1.82766 -1.25231
-1.81859 -1.21721
-1.80952 -1.18221
-1.80045 -1.14732
-1.79138 -1.11254
-1.78231 -1.07787
-1.77324 -1.04333
-1.76417 -1.00892
-1.7551 -0.974635
-1.74603 -0.940491
-1.73696 -0.90649
-1.72789 -0.872635
-1.71882 -0.838934
-1.70975 -0.80539
-1.70068 -0.77201
-1.69161 -0.738797
-1.68254 -0.705757
-1.67347 -0.672896
-1.6644 -0.640217
-1.65533 -0.607727
-1.64626 -0.57543
-1.63719 -0.543332
-1.62812 -0.511437
-1.61905 -0.479751
-1.60998 -0.448279
-1.60091 -0.417026
-1.59184 -0.385996
-1.58277 -0.355196
-1.5737 -0.32463
-1.56463 -0.294303
-1.55556 -0.26422
-1.54649 -0.234387
-1.53741 -0.204813
-1.52834 -0.175508
-1.51927 -0.14648
-1.5102 -0.11774
-1.50113 -0.0892965
-1.49206 -0.0611595
-1.48299 -0.0333382
-1.47392 -0.00584224
-1.46485 0.0213189
-1.45578 0.0481357
-1.44671 0.0745988
-1.43764 0.100699
-1.42857 0.126426
-1.4195 0.15177
-1.41043 0.176723
-1.40136 0.201275
-1.39229 0.225416
-1.38322 0.249137
-1.37415 0.272428
-1.36508 0.29528
-1.35601 0.317683
-1.34694 0.339628
-1.33787 0.361105
-1.3288 0.382105
-1.31973 0.402618
-1.31066 0.422635
-1.30159 0.442147
-1.29252 0.461143
-1.28345 0.479615
-1.27438 0.497553
-1.26531 0.514947
-1.25624 0.531787
-1.24717 0.548066
-1.2381 0.563772
-1.22902 0.578896
-1.21995 0.59343
-1.21088 0.607363
-1.20181 0.620686
-1.19274 0.633389
-1.18367 0.645463
-1.1746 0.656899
-1.16553 0.667686
-1.15646 0.677817
-1.14739 0.68728
-1.13832 0.696066
-1.12925 0.704167
-1.12018 0.711572
-1.11111 0.718272
-1.10204 0.724262
-1.09297 0.729552
-1.0839 0.734157
-1.07483 0.738092
-1.06576 0.741372
-1.05669 0.744012
-1.04762 0.746026
-1.03855 0.747429
-1.02948 0.748237
-1.02041 0.748463
-1.01134 0.748123
-1.00227 0.747232
-0.993197 0.745804
-0.984127 0.743854
-0.975057 0.741398
-0.965986 0.738449
-0.956916 0.735023
-0.947846 0.731134
-0.938776 0.726798
-0.929705 0.722029
-0.920635 0.716841
-0.911565 0.711251
-0.902494 0.705272
-0.893424 0.69892
-0.884354 0.692209
-0.875283 0.685154
-0.866213 0.677769
-0.857143 0.670071
-0.848073 0.662073
-0.839002 0.653791
-0.829932 0.645238
-0.820862 0.636431
-0.811791 0.627384
-0.802721 0.618111
-0.793651 0.608628
-0.78458 0.598949
-0.77551 0.589089
-0.76644 0.579063
-0.75737 0.568886
-0.748299 0.558572
-0.739229 0.548137
-0.730159 0.537595
-0.721088 0.526961
-0.712018 0.51625
-0.702948 0.505477
-0.693878 0.494656
-0.684807 0.483802
-0.675737 0.472931
-0.666667 0.462057
-0.657596 0.451193
-0.648526 0.440346
-0.639456 0.429521
-0.630385 0.418724
-0.621315 0.407959
-0.612245 0.397232
-0.603175 0.386549
-0.594104 0.375913
-0.585034 0.365332
-0.575964 0.354809
-0.566893 0.34435
-0.557823 0.33396
-0.548753 0.323644
-0.539683 0.313409
-0.530612 0.303258
-0.521542 0.293197
-0.512472 0.283231
-0.503401 0.273366
-0.494331 0.263607
-0.485261 0.253958
-0.47619 0.244426
-0.46712 0.235015
-0.45805 0.225731
-0.44898 0.216578
-0.439909 0.207562
-0.430839 0.198689
-0.421769 0.189963
-0.412698 0.18139
-0.403628 0.172975
-0.394558 0.164722
-0.385488 0.156639
-0.376417 0.148728
-0.367347 0.140996
-0.358277 0.133449
-0.349206 0.12609
-0.340136 0.118926
-0.331066 0.111962
-0.321995 0.105202
-0.312925 0.0986523
-0.303855 0.092318
-0.294785 0.0862041
-0.285714 0.0803159
-0.276644 0.0746586
-0.267574 0.0692375
-0.258503 0.0640577
-0.249433 0.0591244
-0.240363 0.054443
-0.231293 0.0500185
-0.222222 0.0458563
-0.213152 0.0419588
-0.204082 0.0383178
-0.195011 0.0349224
-0.185941 0.0317618
-0.176871 0.0288249
-0.1678 0.0261009
-0.15873 0.0235789
-0.14966 0.021248
-0.14059 0.0190973
-0.131519 0.0171158
-0.122449 0.0152926
-0.113379 0.0136169
-0.104308 0.0120777
-0.0952381 0.0106642
-0.0861678 0.00936534
-0.0770975 0.00817031
-0.0680272 0.00706817
-0.0589569 0.00604803
-0.0498866 0.00509898
-0.0408163 0.00421009
-0.031746 0.00337048
-0.0226757 0.00256922
-0.0136054 0.00179542
-0.00453515 0.00103815
0.00453515 0.000286521
0.0136054 -0.000470383
0.0226757 -0.00124347
0.031746 -0.00204365
0.0408163 -0.00288182
0.0498866 -0.0037689
0.0589569 -0.0047158
0.0680272 -0.00573342
0.0770975 -0.00683267
0.0861678 -0.00802446
0.0952381 -0.0093197
0.104308 -0.0107293
0.113379 -0.0122641
0.122449 -0.0139352
0.131519 -0.0157533
0.14059 -0.0177294
0.14966 -0.0198744
0.15873 -0.0221992
0.1678 -0.0247147
0.176871 -0.0274318
0.185941 -0.0303615
0.195011 -0.0335146
0.204082 -0.036902
0.213152 -0.0405347
0.222222 -0.0444236
0.231293 -0.0485768
0.240363 -0.0529921
0.249433 -0.0576641
0.258503 -0.062588
0.267574 -0.0677584
0.276644 -0.0731704
0.285714 -0.0788187
0.294785 -0.0846984
0.303855 -0.0908043
0.312925 -0.0971312
0.321995 -0.103674
0.331066 -0.110428
0.340136 -0.117387
0.349206 -0.124548
0.358277 -0.131903
0.367347 -0.13945
0.376417 -0.147181
0.385488 -0.155093
0.394558 -0.163179
0.403628 -0.171436
0.412698 -0.179858
0.421769 -0.188439
0.430839 -0.197175
0.439909 -0.206061
0.44898 -0.215091
0.45805 -0.22426
0.46712 -0.233564
0.47619 -0.242996
0.485261 -0.252553
0.494331 -0.262228
0.503401 -0.272018
0.512472 -0.281916
0.521542 -0.291917
0.530612 -0.302017
0.539683 -0.312211
0.548753 -0.322492
0.557823 -0.332857
0.566893 -0.343299
0.575964 -0.353815
0.585034 -0.364398
0.594104 -0.375044
0.603175 -0.385748
0.612245 -0.396504
0.621315 -0.407308
0.630385 -0.418153
0.639456 -0.429036
0.648526 -0.439951
0.657596 -0.450892
0.666667 -0.461856
0.675737 -0.472835
0.684807 -0.483815
0.693878 -0.494783
0.702948 -0.505724
0.712018 -0.516622
0.721088 -0.527464
0.730159 -0.538234
0.739229 -0.548917
0.748299 -0.5595
0.75737 -0.569968
0.76644 -0.580305
0.77551 -0.590497
0.78458 -0.600529
0.793651 -0.610387
0.802721 -0.620056
0.811791 -0.629521
0.820862 -0.638767
0.829932 -0.64778
0.839002 -0.656545
0.848073 -0.665048
0.857143 -0.673274
0.866213 -0.681207
0.875283 -0.688833
0.884354 -0.696139
0.893424 -0.703108
0.902494 -0.709726
0.911565 -0.715979
0.920635 -0.721851
0.929705 -0.727329
0.938776 -0.732397
0.947846 -0.737041
0.956916 -0.741245
0.965986 -0.744996
0.975057 -0.748279
0.984127 -0.751078
0.993197 -0.75338
1.00227 -0.755169
1.01134 -0.756431
1.02041 -0.757151
1.02948 -0.757314
1.03855 -0.756906
1.04762 -0.755912
1.05669 -0.754317
1.06576 -0.752107
1.07483 -0.749267
1.0839 -0.745782
1.09297 -0.741637
1.10204 -0.736818
1.11111 -0.73131
1.12018 -0.725103
1.12925 -0.7182
1.13832 -0.710611
1.14739 -0.702345
1.15646 -0.693409
1.16553 -0.683813
1.1746 -0.673565
1.18367 -0.662674
1.19274 -0.651149
1.20181 -0.638997
1.21088 -0.626229
1.21995 -0.612852
1.22902 -0.598874
1.2381 -0.584306
1.24717 -0.569155
1.25624 -0.55343
1.26531 -0.53714
1.27438 -0.520292
1.28345 -0.502897
1.29252 -0.484963
1.30159 -0.466497
1.31066 -0.447509
1.31973 -0.428008
1.3288 -0.408002
1.33787 -0.3875
1.34694 -0.36651
1.35601 -0.345041
1.36508 -0.323102
1.37415 -0.300701
1.38322 -0.277847
1.39229 -0.254548
1.40136 -0.230814
1.41043 -0.206653
1.4195 -0.182073
1.42857 -0.157084
1.43764 -0.131693
1.44671 -0.10591
1.45578 -0.0797423
1.46485 -0.0531998
1.47392 -0.0262907
1.48299 0.000976501
1.49206 0.028593
1.50113 0.0565502
1.5102 0.0848395
1.51927 0.113452
1.52834 0.14238
1.53741 0.171613
1.54649 0.201145
1.55556 0.230965
1.56463 0.261066
1.5737 0.291441
1.58277 0.322085
1.59184 0.352992
1.60091 0.384157
1.60998 0.415573
1.61905 0.447235
1.62812 0.479137
1.63719 0.511274
1.64626 0.543639
1.65533 0.576228
1.6644 0.609034
1.67347 0.642051
1.68254 0.675274
1.69161 0.708698
1.70068 0.742316
1.70975 0.776122
1.71882 0.810112
1.72789 0.844279
1.73696 0.878618
1.74603 0.913122
1.7551 0.947786
1.76417 0.982605
1.77324 1.01757
1.78231 1.05268
1.79138 1.08793
1.80045 1.12331
1.80952 1.15882
1.81859 1.19444
1.82766 1.23018
1.83673 1.26603
1.8458 1.30198
1.85488 1.33803
1.86395 1.37417
1.87302 1.41039
1.88209 1.4467
1.89116 1.48308
1.90023 1.51953
1.9093 1.55604
1.91837 1.59261
1.92744 1.62923
1.93651 1.6659
1.94558 1.7026
1.95465 1.73934
1.96372 1.77611
1.97279 1.8129
1.98186 1.84971
1.99093 1.88653
2 1.92336
